Time,Ch1_X,Ch1_Y,Ch1_Z,Ch2_X,Ch2_Y,Ch2_Z
0,57.0,105.0,-6.0,-28.0,18.0,-78.0
40,102.0,-80.0,-71.0,-20.0,48.0,-81.0
80,104.0,104.0,87.0,-31.0,9.0,-58.0
120,145.0,17.0,-64.0,-22.0,-41.0,-53.0
160,159.0,0.0,-106.0,-19.0,-60.0,-70.0
200,135.0,58.0,54.0,-28.0,-83.0,-33.0
240,128.0,-27.0,-44.0,-17.0,-53.0,-51.0
280,140.0,-59.0,-60.0,-33.0,-20.0,9.0
320,123.0,83.0,21.0,-48.0,-33.0,-14.0
360,179.0,-117.0,-50.0,-36.0,-9.0,-2.0
400,154.0,-30.0,-7.0,-56.0,-13.0,-3.0
440,135.0,26.0,-21.0,-52.0,-35.0,9.0
480,145.0,-154.0,-66.0,-25.0,-26.0,-22.0
520,123.0,31.0,84.0,-25.0,-49.0,40.0
560,128.0,-31.0,-39.0,-26.0,-49.0,17.0
600,164.0,-152.0,-34.0,-51.0,-26.0,81.0
640,136.0,16.0,121.0,-78.0,-43.0,125.0
680,123.0,-44.0,-43.0,-84.0,-24.0,86.0
720,133.0,-84.0,-12.0,-66.0,-6.0,2.0
760,98.0,44.0,99.0,-32.0,-18.0,39.0
800,132.0,-94.0,-38.0,-16.0,15.0,-46.0
840,123.0,-39.0,26.0,-37.0,16.0,3.0
880,94.0,19.0,54.0,-57.0,-10.0,31.0
920,98.0,-117.0,-74.0,-51.0,0.0,-23.0
960,69.0,-45.0,30.0,-48.0,-35.0,24.0
1000,34.0,40.0,-27.0,-40.0,-35.0,-29.0
1040,48.0,-155.0,-82.0,-16.0,-5.0,-62.0
1080,19.0,71.0,62.0,-16.0,-19.0,-4.0
1120,13.0,-112.0,-84.0,-16.0,11.0,-113.0
1160,4.0,-96.0,-22.0,-21.0,20.0,-79.0
1200,-44.0,-22.0,32.0,-30.0,-17.0,-31.0
1240,-55.0,-118.0,-104.0,-26.0,-15.0,-83.0
1280,-70.0,-104.0,-21.0,-32.0,-38.0,-45.0
1320,-90.0,-7.0,36.0,-36.0,-36.0,-92.0
1360,-82.0,-146.0,-95.0,-13.0,21.0,-154.0
1400,-105.0,-70.0,45.0,3.0,52.0,-137.0
1440,-140.0,-89.0,23.0,18.0,65.0,-209.0
1480,-134.0,-160.0,-50.0,26.0,59.0,-169.0
1520,-162.0,-81.0,21.0,-17.0,-1.0,-117.0
1560,-146.0,-99.0,-64.0,-38.0,-33.0,-165.0
1600,-127.0,-251.0,-72.0,-4.0,-27.0,-184.0
1640,-179.0,3.0,76.0,13.0,-9.0,-183.0
1680,-180.0,-226.0,-125.0,36.0,41.0,-213.0
1720,-174.0,-122.0,28.0,27.0,49.0,-169.0
1760,-185.0,-81.0,28.0,10.0,10.0,-199.0
1800,-152.0,-191.0,-94.0,28.0,2.0,-248.0
1840,-160.0,-90.0,-5.0,28.0,-26.0,-165.0
1880,-186.0,-88.0,-60.0,25.0,-23.0,-196.0
1920,-168.0,-209.0,-80.0,19.0,15.0,-208.0
1960,-196.0,-34.0,34.0,-14.0,0.0,-150.0
2000,-186.0,-137.0,-107.0,1.0,-7.0,-167.0
2040,-157.0,-107.0,-38.0,4.0,-24.0,-142.0
2080,-166.0,-61.0,25.0,-10.0,-86.0,-136.0
2120,-159.0,-51.0,-85.0,13.0,-91.0,-116.0
2160,-165.0,-114.0,-68.0,26.0,-82.0,-52.0
2200,-183.0,51.0,45.0,5.0,-72.0,-20.0
2240,-144.0,-101.0,-111.0,-1.0,-34.0,-53.0
2280,-140.0,-11.0,11.0,-7.0,-34.0,-25.0
2320,-142.0,28.0,16.0,-1.0,-40.0,-26.0
2360,-110.0,-76.0,-42.0,19.0,-17.0,-41.0
2400,-131.0,21.0,54.0,-4.0,-40.0,40.0
2440,-126.0,-2.0,-28.0,-24.0,-46.0,10.0
2480,-119.0,-151.0,-104.0,-27.0,-35.0,-11.0
2520,-96.0,138.0,139.0,-41.0,-72.0,37.0
2560,-57.0,-76.0,-110.0,-17.0,-78.0,35.0
2600,-31.0,-5.0,27.0,-22.0,-70.0,54.0
2640,-88.0,21.0,74.0,-30.0,-71.0,85.0
2680,-86.0,-46.0,-69.0,0.0,-26.0,63.0
2720,-97.0,32.0,0.0,10.0,-13.0,116.0
2760,-95.0,138.0,34.0,13.0,-27.0,113.0
2800,-36.0,-87.0,-52.0,13.0,-22.0,97.0
2840,-75.0,92.0,53.0,-25.0,-63.0,171.0
2880,-71.0,47.0,-35.0,-26.0,-68.0,111.0
2920,-52.0,8.0,15.0,-24.0,-43.0,115.0
2960,-67.0,145.0,35.0,-39.0,-63.0,158.0
3000,-76.0,-7.0,-99.0,-50.0,-47.0,97.0
3040,-72.0,60.0,-18.0,-68.0,-27.0,123.0
3080,-92.0,71.0,-45.0,-61.0,-55.0,134.0
3120,-78.0,50.0,-79.0,-19.0,-28.0,63.0
3160,-92.0,46.0,-10.0,-1.0,-25.0,49.0
3200,-107.0,146.0,-20.0,-2.0,-39.0,85.0
3240,-80.0,9.0,-99.0,-4.0,-17.0,49.0
3280,-83.0,161.0,49.0,-22.0,-19.0,91.0
3320,-78.0,131.0,-93.0,-18.0,-4.0,35.0
3360,-65.0,26.0,-106.0,5.0,19.0,19.0
3400,-102.0,98.0,28.0,9.0,-15.0,54.0
3440,-102.0,85.0,-95.0,-8.0,-20.0,-16.0
3480,-84.0,7.0,-123.0,-16.0,-30.0,-16.0
3520,-87.0,159.0,-18.0,-33.0,-49.0,33.0
3560,-65.0,-52.0,-153.0,-22.0,-18.0,1.0
3600,-92.0,83.0,-26.0,-41.0,-28.0,56.0
3640,-119.0,132.0,-76.0,-69.0,-40.0,33.0
3680,-103.0,-9.0,-148.0,-21.0,-9.0,5.0
3720,-116.0,114.0,2.0,12.0,-29.0,61.0
3760,-126.0,114.0,-72.0,32.0,-50.0,18.0
3800,-96.0,-1.0,-141.0,30.0,-45.0,14.0
3840,-137.0,174.0,16.0,-1.0,-67.0,118.0
3880,-133.0,41.0,-97.0,-19.0,-25.0,-5.0
3920,-133.0,26.0,-88.0,-31.0,0.0,137.0
3960,-147.0,172.0,4.0,-43.0,-17.0,-17.0
4000,-112.0,30.0,-82.0,-36.0,-9.0,67.0
4040,-113.0,43.0,-52.0,-53.0,-32.0,-8.0
4080,-141.0,244.0,-31.0,-40.0,-53.0,14.0
4120,-113.0,27.0,-148.0,-29.0,-39.0,71.0
4160,-124.0,155.0,7.0,-43.0,-27.0,94.0
4200,-118.0,143.0,-59.0,-42.0,-32.0,109.0
4240,-91.0,60.0,-93.0,-9.0,-7.0,86.0
4280,-93.0,183.0,4.0,-35.0,-20.0,138.0
4320,-82.0,158.0,-116.0,-32.0,-27.0,102.0
4360,-39.0,59.0,-73.0,-27.0,-43.0,106.0
4400,-74.0,253.0,-32.0,-51.0,-78.0,170.0
4440,-45.0,64.0,-172.0,-38.0,-45.0,98.0
4480,-69.0,118.0,-53.0,-44.0,-13.0,180.0
4520,-70.0,152.0,-41.0,-44.0,-5.0,190.0
4560,-54.0,49.0,-163.0,-34.0,24.0,93.0
4600,-55.0,139.0,-31.0,-53.0,-14.0,195.0
4640,-62.0,142.0,-64.0,-39.0,-48.0,148.0
4680,-47.0,32.0,-137.0,-23.0,-38.0,118.0
4720,-77.0,132.0,-10.0,-27.0,-45.0,98.0
4760,-83.0,122.0,-105.0,-29.0,-8.0,126.0
4800,-61.0,-12.0,-86.0,-42.0,36.0,137.0
4840,-107.0,249.0,6.0,-58.0,18.0,134.0
4880,-74.0,-58.0,-158.0,-27.0,26.0,29.0
4920,-101.0,142.0,-33.0,-20.0,19.0,123.0
4960,-111.0,43.0,-66.0,-54.0,6.0,118.0
5000,-104.0,33.0,-143.0,-52.0,47.0,24.0
5040,-87.0,-18.0,-25.0,-40.0,24.0,13.0
5080,-110.0,128.0,-53.0,-47.0,-3.0,45.0
5120,-75.0,-135.0,-180.0,-51.0,20.0,-14.0
5160,-119.0,136.0,26.0,-62.0,0.0,-7.0
5200,-117.0,-14.0,-112.0,-27.0,0.0,-103.0
5240,-109.0,-20.0,-116.0,-3.0,16.0,-1.0
5280,-130.0,72.0,-32.0,-11.0,7.0,-36.0
5320,-116.0,-42.0,-102.0,-7.0,29.0,-78.0
5360,-117.0,-46.0,-84.0,0.0,15.0,-60.0
5400,-146.0,25.0,-60.0,0.0,-20.0,-58.0
5440,-137.0,-114.0,-137.0,9.0,-15.0,-104.0
5480,-139.0,-72.0,25.0,-7.0,-36.0,-85.0
5520,-172.0,33.0,-71.0,-27.0,-45.0,-129.0
5560,-144.0,-185.0,-147.0,-10.0,-25.0,-169.0
5600,-174.0,6.0,44.0,-10.0,-45.0,-123.0
5640,-160.0,-114.0,-72.0,-39.0,-54.0,-88.0
5680,-148.0,-129.0,-88.0,-54.0,-41.0,-135.0
5720,-167.0,-29.0,59.0,-46.0,-48.0,-122.0
5760,-160.0,-110.0,-70.0,9.0,-30.0,-220.0
5800,-131.0,-172.0,-14.0,21.0,-22.0,-138.0
5840,-158.0,9.0,48.0,-7.0,-47.0,-130.0
5880,-131.0,-201.0,-65.0,-24.0,-28.0,-166.0
5920,-144.0,-79.0,69.0,-35.0,-41.0,-124.0
5960,-148.0,-128.0,-4.0,-39.0,-53.0,-101.0
6000,-116.0,-211.0,-57.0,-27.0,-42.0,-130.0
6040,-113.0,-51.0,93.0,-31.0,-79.0,-114.0
6080,-109.0,-132.0,-37.0,-10.0,-100.0,-119.0
6120,-84.0,-193.0,-21.0,13.0,-76.0,-125.0
6160,-121.0,-81.0,57.0,-7.0,-66.0,-71.0
6200,-97.0,-154.0,-42.0,-23.0,-13.0,-129.0
6240,-92.0,-212.0,7.0,-33.0,13.0,-100.0
6280,-99.0,-22.0,92.0,-33.0,-23.0,-58.0
6320,-60.0,-241.0,-40.0,-23.0,-34.0,-85.0
6360,-63.0,-27.0,71.0,-36.0,-63.0,-51.0
6400,-63.0,-108.0,25.0,-40.0,-86.0,-59.0
6440,-43.0,-135.0,0.0,-24.0,-62.0,-68.0
6480,-59.0,-143.0,78.0,-33.0,-64.0,-10.0
6520,-71.0,-24.0,45.0,-50.0,-43.0,-20.0
6560,-19.0,-216.0,10.0,-48.0,-2.0,-54.0
6600,-35.0,8.0,160.0,-66.0,-7.0,-40.0
6640,5.0,-156.0,17.0,-36.0,-4.0,-78.0
6680,16.0,-96.0,86.0,-12.0,-12.0,-94.0
6720,-10.0,-22.0,108.0,-46.0,-25.0,-24.0
6760,-1.0,-133.0,7.0,-63.0,7.0,-71.0
6800,3.0,-74.0,82.0,-77.0,2.0,36.0
6840,15.0,-28.0,93.0,-71.0,-25.0,20.0
6880,52.0,-108.0,-9.0,-64.0,-36.0,-16.0
6920,57.0,-26.0,117.0,-63.0,-75.0,-8.0
6960,59.0,9.0,76.0,-53.0,-74.0,-18.0
7000,98.0,-158.0,18.0,-22.0,-32.0,-52.0
7040,75.0,71.0,136.0,-22.0,-27.0,-57.0
7080,96.0,-108.0,17.0,-36.0,-16.0,10.0
7120,106.0,-76.0,60.0,-56.0,-3.0,8.0
7160,91.0,2.0,83.0,-64.0,-29.0,39.0
7200,100.0,-54.0,-31.0,-43.0,-18.0,-59.0
7240,110.0,-51.0,81.0,-35.0,-31.0,16.0
7280,101.0,96.0,116.0,-40.0,-68.0,10.0
7320,155.0,-135.0,-6.0,-23.0,-77.0,-41.0
7360,134.0,98.0,118.0,-42.0,-104.0,14.0
7400,145.0,-24.0,1.0,-57.0,-83.0,12.0
7440,148.0,15.0,0.0,-59.0,-22.0,36.0
7480,143.0,63.0,80.0,-40.0,-8.0,48.0
7520,142.0,57.0,0.0,-13.0,33.0,-35.0
7560,155.0,-38.0,-24.0,-5.0,68.0,0.0
7600,129.0,130.0,108.0,-12.0,50.0,18.0
7640,160.0,-33.0,-35.0,-13.0,43.0,-11.0
7680,158.0,28.0,57.0,-41.0,1.0,63.0
7720,138.0,89.0,38.0,-64.0,-47.0,58.0
7760,160.0,-40.0,-23.0,-51.0,-20.0,14.0
7800,130.0,68.0,70.0,-53.0,-9.0,36.0
7840,126.0,65.0,17.0,-36.0,12.0,-2.0
7880,133.0,-45.0,-24.0,-19.0,55.0,27.0
7920,121.0,121.0,104.0,-34.0,60.0,81.0
7960,109.0,-34.0,-74.0,-23.0,84.0,33.0
8000,98.0,39.0,20.0,-8.0,105.0,48.0
8040,72.0,61.0,55.0,-20.0,82.0,80.0
8080,91.0,42.0,-19.0,-13.0,89.0,72.0
8120,99.0,14.0,14.0,-16.0,74.0,1.0
8160,89.0,186.0,81.0,-35.0,47.0,109.0
8200,123.0,-74.0,-69.0,-47.0,52.0,52.0
8240,91.0,155.0,70.0,-86.0,49.0,157.0
8280,95.0,49.0,-4.0,-80.0,43.0,73.0
8320,104.0,92.0,-30.0,-52.0,74.0,81.0
8360,111.0,96.0,22.0,-45.0,84.0,114.0
8400,101.0,142.0,-14.0,-41.0,105.0,116.0
8440,148.0,13.0,-38.0,-39.0,127.0,91.0
8480,99.0,177.0,53.0,-56.0,88.0,109.0
8520,122.0,90.0,-70.0,-10.0,73.0,50.0
8560,126.0,19.0,-21.0,9.0,59.0,103.0
8600,112.0,219.0,14.0,-19.0,38.0,128.0
8640,137.0,-75.0,-129.0,-51.0,54.0,116.0
8680,121.0,177.0,36.0,-61.0,25.0,117.0
8720,119.0,58.0,-69.0,-31.0,-4.0,84.0
8760,134.0,73.0,-89.0,7.0,10.0,61.0
8800,121.0,103.0,9.0,10.0,0.0,119.0
8840,98.0,121.0,-85.0,-3.0,48.0,53.0
8880,106.0,36.0,-77.0,-9.0,99.0,38.0
8920,63.0,162.0,-14.0,-21.0,76.0,158.0
8960,93.0,59.0,-127.0,-18.0,76.0,56.0
9000,84.0,52.0,-75.0,-14.0,40.0,44.0
9040,73.0,196.0,-6.0,-12.0,-22.0,23.0
9080,99.0,-52.0,-181.0,-10.0,-24.0,-3.0
9120,90.0,129.0,-3.0,-25.0,-35.0,42.0
9160,60.0,26.0,-112.0,-36.0,-17.0,-15.0
9200,51.0,40.0,-145.0,-37.0,34.0,20.0
9240,23.0,3.0,-55.0,-49.0,43.0,50.0
9280,4.0,128.0,-91.0,-40.0,55.0,-27.0
9320,37.0,-128.0,-167.0,-14.0,49.0,-14.0
9360,4.0,204.0,32.0,-9.0,17.0,-29.0
9400,20.0,-149.0,-189.0,-2.0,39.0,-86.0
9440,-14.0,116.0,-52.0,-11.0,36.0,-16.0
9480,-31.0,-16.0,-93.0,-21.0,21.0,-37.0
9520,-28.0,21.0,-132.0,-26.0,34.0,-27.0
9560,-20.0,-65.0,-104.0,-40.0,6.0,12.0
9600,-61.0,122.0,-64.0,-18.0,-17.0,-77.0
9640,-31.0,-128.0,-165.0,15.0,-1.0,-63.0
9680,-62.0,71.0,3.0,4.0,-12.0,-37.0
9720,-71.0,-62.0,-130.0,-27.0,4.0,-3.0
9760,-72.0,-31.0,-88.0,-59.0,37.0,-31.0
9800,-97.0,51.0,-22.0,-65.0,29.0,-14.0
9840,-91.0,19.0,-102.0,-28.0,44.0,-59.0
9880,-78.0,-55.0,-68.0,-18.0,30.0,18.0
9920,-102.0,94.0,27.0,-60.0,-15.0,38.0
9960,-87.0,-68.0,-140.0,-65.0,-9.0,-18.0
10000,-174.0,54.0,-54.0,-58.0,-171.0,160.0
10040,-140.0,20.0,-155.0,-90.0,-132.0,-87.0
10080,-133.0,-27.0,-100.0,6.0,-60.0,-158.0
10120,-175.0,190.0,-1.0,28.0,-45.0,70.0
10160,-115.0,-138.0,-218.0,21.0,-45.0,84.0
10200,-117.0,98.0,-4.0,-94.0,-19.0,132.0
10240,-162.0,94.0,-43.0,-96.0,-90.0,-52.0
10280,-128.0,57.0,-177.0,51.0,-90.0,40.0
10320,-70.0,20.0,-131.0,85.0,-81.0,65.0
10360,-80.0,-6.0,-103.0,3.0,-79.0,-110.0
10400,-101.0,-9.0,-136.0,-83.0,-11.0,69.0
10440,-122.0,127.0,-136.0,-127.0,-53.0,176.0
10480,-95.0,-69.0,-208.0,-71.0,-55.0,97.0
10520,-95.0,76.0,28.0,-19.0,-42.0,-15.0
10560,-106.0,120.0,-62.0,33.0,-81.0,19.0
10600,-74.0,13.0,-227.0,34.0,-88.0,183.0
10640,-57.0,0.0,-18.0,27.0,-99.0,-73.0
10680,-56.0,178.0,20.0,14.0,-104.0,21.0
10720,-34.0,-19.0,-256.0,7.0,-72.0,-40.0
10760,-94.0,120.0,-56.0,-9.0,-56.0,165.0
10800,-93.0,31.0,-3.0,-10.0,-31.0,-54.0
10840,-60.0,14.0,-81.0,-43.0,-6.0,34.0
10880,-84.0,140.0,-105.0,-73.0,-33.0,61.0
10920,-69.0,53.0,-65.0,-58.0,-47.0,15.0
10960,-33.0,50.0,11.0,45.0,-73.0,-96.0
11000,-72.0,112.0,-15.0,72.0,-153.0,25.0
11040,-94.0,-46.0,-104.0,19.0,-117.0,-18.0
11080,-106.0,36.0,91.0,-37.0,-57.0,133.0
11120,-108.0,117.0,23.0,-62.0,-51.0,33.0
11160,-103.0,-17.0,-113.0,3.0,-17.0,-45.0
11200,-123.0,55.0,65.0,35.0,-22.0,13.0
11240,-125.0,135.0,-3.0,4.0,-41.0,7.0
11280,-104.0,-92.0,-127.0,-24.0,-54.0,-17.0
11320,-158.0,149.0,62.0,-62.0,-97.0,-2.0
11360,-162.0,-61.0,-81.0,-24.0,-93.0,-91.0
11400,-182.0,60.0,-62.0,16.0,-50.0,-18.0
11440,-196.0,0.0,-18.0,6.0,-25.0,-89.0
11480,-178.0,-35.0,-69.0,15.0,16.0,-91.0
11520,-137.0,-83.0,-39.0,-4.0,28.0,-55.0
11560,-178.0,10.0,-53.0,-33.0,9.0,-71.0
11600,-139.0,-183.0,-93.0,-1.0,27.0,-159.0
11640,-159.0,-17.0,43.0,21.0,3.0,-132.0
11680,-159.0,-18.0,-73.0,26.0,-34.0,-133.0
11720,-153.0,-132.0,-91.0,9.0,-2.0,-95.0
11760,-150.0,44.0,105.0,-52.0,11.0,-103.0
11800,-125.0,-143.0,-89.0,-61.0,23.0,-81.0
11840,-102.0,-102.0,-45.0,-36.0,42.0,-81.0
11880,-114.0,-88.0,55.0,-33.0,-3.0,-19.0
11920,-105.0,-68.0,-35.0,-48.0,15.0,-32.0
11960,-105.0,-169.0,-81.0,-92.0,1.0,9.0
12000,-132.0,64.0,74.0,-143.0,-33.0,-21.0
12040,-96.0,-231.0,-29.0,-101.0,-23.0,-157.0
12080,-110.0,45.0,95.0,-55.0,-64.0,65.0
12120,-98.0,-64.0,11.0,-61.0,-71.0,103.0
12160,-79.0,-101.0,64.0,-133.0,-59.0,75.0
12200,-94.0,-4.0,144.0,-103.0,-95.0,2.0
12240,-92.0,43.0,26.0,-33.0,-108.0,57.0
12280,-38.0,-124.0,8.0,-19.0,-105.0,31.0
12320,-49.0,54.0,169.0,-88.0,-111.0,44.0
12360,-13.0,-35.0,61.0,-59.0,-109.0,-48.0
12400,-4.0,-34.0,113.0,-73.0,-112.0,98.0
12440,-22.0,40.0,154.0,-135.0,-139.0,191.0
12480,-1.0,-62.0,65.0,-87.0,-153.0,12.0
12520,5.0,93.0,200.0,-31.0,-165.0,1.0
12560,13.0,167.0,126.0,32.0,-194.0,-7.0
12600,61.0,-121.0,-2.0,39.0,-186.0,51.0
12640,58.0,77.0,232.0,-10.0,-205.0,53.0
12680,47.0,-26.0,71.0,-27.0,-204.0,-112.0
12720,62.0,-77.0,27.0,-12.0,-197.0,-26.0
12760,32.0,-25.0,123.0,38.0,-256.0,-75.0
12800,65.0,-131.0,35.0,46.0,-259.0,-72.0
12840,53.0,-116.0,-2.0,-35.0,-274.0,-113.0
12880,30.0,-60.0,28.0,-88.0,-300.0,7.0
12920,37.0,-253.0,-36.0,-19.0,-264.0,-238.0
12960,26.0,-92.0,160.0,23.0,-266.0,-144.0
13000,-14.0,-96.0,-19.0,39.0,-270.0,-119.0
13040,28.0,-251.0,-22.0,8.0,-222.0,-154.0
13080,-1.0,-104.0,168.0,25.0,-201.0,-96.0
13120,-17.0,-171.0,-4.0,62.0,-197.0,-137.0
13160,-30.0,-162.0,-93.0,109.0,-186.0,-124.0
13200,-36.0,-129.0,99.0,54.0,-174.0,-112.0
13240,-31.0,-195.0,14.0,8.0,-156.0,-239.0
13280,3.0,-198.0,-44.0,-16.0,-161.0,-113.0
13320,-26.0,-88.0,-26.0,-22.0,-206.0,-184.0
13360,0.0,-245.0,-49.0,-76.0,-133.0,-83.0
13400,-60.0,-139.0,49.0,-105.0,-94.0,-104.0
13440,-55.0,-90.0,-76.0,-50.0,-77.0,-95.0
13480,-6.0,-261.0,-82.0,76.0,-40.0,-199.0
13520,-17.0,-32.0,149.0,74.0,-51.0,-100.0
13560,-17.0,-160.0,-30.0,30.0,-8.0,-59.0
13600,12.0,-96.0,-27.0,-6.0,2.0,-102.0
13640,-17.0,-33.0,83.0,2.0,-60.0,0.0
13680,-26.0,-9.0,-22.0,-22.0,-87.0,59.0
13720,-9.0,-101.0,-21.0,-77.0,-67.0,110.0
13760,-43.0,121.0,128.0,-116.0,-54.0,144.0
13800,-22.0,-92.0,-43.0,-130.0,-22.0,66.0
13840,-10.0,102.0,107.0,-145.0,-27.0,216.0
13880,7.0,77.0,94.0,-120.0,-31.0,181.0
13920,46.0,94.0,98.0,-92.0,5.0,123.0
13960,21.0,158.0,172.0,-88.0,9.0,182.0
14000,22.0,176.0,117.0,-49.0,42.0,174.0
14040,55.0,23.0,99.0,-14.0,74.0,277.0
14080,33.0,242.0,222.0,-18.0,56.0,216.0
14120,60.0,150.0,83.0,-18.0,51.0,136.0
14160,91.0,142.0,78.0,26.0,23.0,123.0
14200,94.0,208.0,130.0,65.0,-19.0,179.0
14240,109.0,109.0,-63.0,51.0,14.0,166.0
14280,132.0,81.0,-12.0,-9.0,60.0,111.0
14320,110.0,133.0,-21.0,-32.0,49.0,140.0
14360,144.0,-21.0,-125.0,-2.0,79.0,33.0
14400,130.0,144.0,-71.0,30.0,91.0,38.0
14440,160.0,103.0,-120.0,101.0,102.0,-123.0
14480,193.0,6.0,-142.0,121.0,108.0,-69.0
14520,162.0,107.0,-97.0,49.0,48.0,-2.0
14560,158.0,-6.0,-255.0,-23.0,19.0,4.0
14600,162.0,42.0,-154.0,14.0,62.0,-165.0
14640,142.0,131.0,-166.0,58.0,64.0,-58.0
14680,166.0,-69.0,-316.0,77.0,79.0,-39.0
14720,179.0,-62.0,-150.0,26.0,94.0,86.0
14760,149.0,73.0,-137.0,-65.0,111.0,-71.0
14800,137.0,-80.0,-306.0,-21.0,152.0,-219.0
14840,112.0,71.0,-146.0,37.0,116.0,-46.0
14880,126.0,-81.0,-201.0,2.0,118.0,-170.0
14920,124.0,1.0,-261.0,-15.0,144.0,-82.0
14960,79.0,42.0,-177.0,-25.0,144.0,-130.0
15000,58.0,12.0,-166.0,-24.0,198.0,-105.0
15040,83.0,-119.0,-180.0,19.0,209.0,-30.0
15080,39.0,139.0,-89.0,-6.0,144.0,-11.0
15120,65.0,-21.0,-209.0,21.0,122.0,-72.0
15160,62.0,26.0,-97.0,33.0,96.0,24.0
15200,47.0,108.0,-102.0,-26.0,57.0,60.0
15240,29.0,-69.0,-215.0,-44.0,66.0,36.0
15280,-20.0,79.0,-18.0,-91.0,83.0,112.0
15320,-29.0,98.0,-11.0,-72.0,93.0,65.0
15360,2.0,-28.0,-91.0,-26.0,153.0,92.0
15400,-35.0,185.0,78.0,-66.0,158.0,172.0
15440,-43.0,143.0,3.0,-112.0,126.0,220.0
15480,-16.0,67.0,9.0,-146.0,96.0,286.0
15520,-46.0,221.0,164.0,-158.0,26.0,155.0
15560,-55.0,149.0,85.0,-59.0,13.0,54.0
15600,-55.0,148.0,143.0,18.0,12.0,119.0
15640,-74.0,266.0,185.0,-14.0,14.0,185.0
15680,-39.0,33.0,62.0,-86.0,56.0,184.0
15720,-72.0,158.0,165.0,-125.0,27.0,207.0
15760,-84.0,190.0,65.0,-84.0,-27.0,158.0
15800,-59.0,-4.0,8.0,-27.0,-32.0,102.0
15840,-67.0,108.0,161.0,-17.0,-37.0,86.0
15880,-58.0,52.0,6.0,-35.0,-10.0,32.0
15920,-26.0,9.0,-47.0,-31.0,19.0,10.0
15960,-30.0,126.0,94.0,-9.0,-16.0,-20.0
16000,-19.0,2.0,-86.0,48.0,-29.0,-96.0
16040,9.0,-60.0,-55.0,67.0,-27.0,-68.0
16080,-11.0,29.0,-41.0,54.0,-38.0,-49.0
16120,38.0,-188.0,-157.0,33.0,-16.0,-89.0
16160,20.0,-83.0,-73.0,43.0,-51.0,8.0
16200,29.0,-46.0,-130.0,-2.0,-76.0,-247.0
16240,35.0,-209.0,-227.0,4.0,-64.0,-188.0
16280,-14.0,-6.0,-46.0,-42.0,-75.0,-124.0
16320,-10.0,-133.0,-164.0,-43.0,-81.0,-153.0
16360,27.0,-171.0,-168.0,-14.0,-63.0,-77.0
16400,4.0,-93.0,-73.0,-9.0,-41.0,-177.0
16440,-20.0,-102.0,-136.0,-45.0,-8.0,-89.0
16480,-19.0,-177.0,-140.0,23.0,-20.0,-197.0
16520,-28.0,-3.0,-72.0,44.0,-46.0,-192.0
16560,3.0,-226.0,-187.0,29.0,-57.0,-264.0
16600,-33.0,-100.0,-40.0,-1.0,-29.0,-112.0
16640,-57.0,-73.0,-115.0,4.0,-36.0,-74.0
16680,-38.0,-167.0,-177.0,15.0,-83.0,-137.0
16720,-53.0,-40.0,-21.0,-12.0,-108.0,-10.0
16760,-33.0,-37.0,-103.0,-12.0,-118.0,-44.0
16800,30.0,-127.0,-106.0,-16.0,-101.0,59.0
16840,-18.0,-14.0,53.0,-38.0,-140.0,95.0
16880,-23.0,10.0,-11.0,-24.0,-74.0,-84.0
16920,6.0,-43.0,14.0,9.0,-9.0,16.0
16960,4.0,179.0,114.0,39.0,-41.0,-3.0
17000,20.0,-108.0,-58.0,53.0,-54.0,-12.0
17040,20.0,103.0,179.0,18.0,-92.0,59.0
17080,-2.0,43.0,126.0,-67.0,-119.0,201.0
17120,19.0,-16.0,2.0,-105.0,-88.0,109.0
17160,18.0,59.0,186.0,-86.0,-132.0,95.0
17200,-2.0,118.0,169.0,-69.0,-179.0,69.0
17240,17.0,-4.0,52.0,-66.0,-176.0,181.0
17280,-37.0,140.0,194.0,-83.0,-153.0,153.0
17320,-25.0,37.0,147.0,-57.0,-123.0,75.0
17360,-9.0,54.0,180.0,0.0,-121.0,116.0
17400,-30.0,188.0,158.0,33.0,-132.0,139.0
17440,-19.0,-36.0,37.0,49.0,-113.0,66.0
17480,-6.0,63.0,179.0,32.0,-140.0,134.0
17520,-3.0,61.0,66.0,-11.0,-190.0,91.0
17560,29.0,-96.0,-66.0,11.0,-169.0,-6.0
17600,2.0,17.0,80.0,38.0,-166.0,-49.0
17640,-1.0,-21.0,-16.0,25.0,-158.0,-26.0
17680,53.0,-132.0,-146.0,42.0,-118.0,-62.0
17720,35.0,-25.0,-44.0,34.0,-118.0,-31.0
17760,41.0,-68.0,-120.0,54.0,-61.0,-95.0
17800,68.0,-221.0,-193.0,89.0,19.0,-87.0
17840,55.0,-17.0,-88.0,69.0,42.0,-132.0
17880,74.0,-232.0,-232.0,41.0,10.0,-200.0
17920,82.0,-118.0,-96.0,18.0,-78.0,-61.0
17960,78.0,-40.0,-108.0,-14.0,-114.0,-12.0
18000,116.0,-207.0,-180.0,-47.0,-36.0,-62.0
18040,76.0,-30.0,-49.0,-63.0,32.0,9.0
18080,56.0,-72.0,-132.0,-56.0,56.0,4.0
18120,79.0,-183.0,-127.0,-29.0,90.0,-25.0
18160,54.0,-38.0,16.0,-42.0,56.0,-4.0
18200,68.0,-99.0,-149.0,-31.0,19.0,-70.0
18240,90.0,-142.0,-99.0,37.0,49.0,-158.0
18280,62.0,17.0,2.0,82.0,68.0,-151.0
18320,60.0,-65.0,-133.0,110.0,134.0,-139.0
18360,35.0,-79.0,-74.0,62.0,196.0,5.0
18400,3.0,37.0,20.0,-31.0,175.0,29.0
18440,29.0,-37.0,-97.0,-25.0,136.0,57.0
18480,55.0,123.0,-37.0,-17.0,56.0,124.0
18520,103.0,137.0,-19.0,7.0,-10.0,56.0
18560,144.0,32.0,-5.0,54.0,-28.0,30.0
18600,109.0,252.0,117.0,47.0,-36.0,135.0
18640,95.0,129.0,-38.0,4.0,34.0,92.0
18680,133.0,52.0,94.0,-9.0,148.0,71.0
18720,160.0,243.0,193.0,17.0,156.0,43.0
18760,234.0,12.0,-70.0,43.0,93.0,43.0
18800,254.0,81.0,51.0,15.0,-36.0,82.0
18840,239.0,66.0,126.0,-69.0,-166.0,116.0
18880,237.0,26.0,14.0,-123.0,-189.0,86.0
18920,196.0,48.0,97.0,-130.0,-193.0,69.0
18960,171.0,128.0,136.0,-72.0,-186.0,72.0
19000,187.0,-39.0,73.0,9.0,-124.0,50.0
19040,147.0,228.0,161.0,10.0,-126.0,164.0
19080,153.0,25.0,4.0,-2.0,-134.0,158.0
19120,160.0,43.0,71.0,24.0,-126.0,122.0
19160,134.0,140.0,112.0,82.0,-141.0,40.0
19200,115.0,34.0,-51.0,172.0,-103.0,-97.0
19240,97.0,6.0,14.0,179.0,-77.0,-70.0
19280,85.0,40.0,59.0,95.0,-118.0,-35.0
19320,137.0,-126.0,-83.0,5.0,-164.0,-14.0
19360,111.0,-126.0,-11.0,-60.0,-237.0,14.0
19400,70.0,-14.0,9.0,-75.0,-284.0,-55.0
19440,82.0,-234.0,-85.0,-30.0,-259.0,-66.0
19480,60.0,74.0,83.0,-12.0,-261.0,3.0
19520,82.0,-104.0,-27.0,-23.0,-223.0,50.0
19560,70.0,-29.0,47.0,-29.0,-130.0,22.0
19600,30.0,67.0,102.0,50.0,-112.0,7.0
19640,-9.0,14.0,-15.0,86.0,-53.0,-74.0
19680,-23.0,-137.0,-6.0,34.0,0.0,-65.0
19720,-57.0,100.0,77.0,-35.0,-22.0,8.0
19760,-31.0,-190.0,-118.0,-50.0,-31.0,-134.0
19800,-50.0,-10.0,58.0,-94.0,-55.0,-58.0
19840,-97.0,-100.0,45.0,-109.0,-112.0,-69.0
19880,-92.0,-157.0,60.0,-57.0,-78.0,-119.0
19920,-152.0,-29.0,137.0,-18.0,-55.0,-53.0
19960,-157.0,-27.0,66.0,-23.0,-14.0,-141.0
20000,-154.0,-111.0,77.0,-7.0,65.0,13.0
20040,-178.0,83.0,238.0,-37.0,81.0,28.0
20080,-176.0,-16.0,107.0,-22.0,131.0,-34.0
20120,-157.0,-7.0,195.0,18.0,153.0,-21.0
20160,-168.0,119.0,258.0,16.0,137.0,-6.0
20200,-136.0,-33.0,141.0,-14.0,155.0,10.0
20240,-141.0,15.0,158.0,-60.0,131.0,28.0
20280,-156.0,74.0,137.0,-124.0,102.0,17.0
20320,-140.0,-102.0,5.0,-121.0,89.0,23.0
20360,-154.0,24.0,127.0,-101.0,42.0,19.0
20400,-151.0,-70.0,66.0,-83.0,35.0,-26.0
20440,-150.0,-80.0,86.0,-59.0,81.0,-20.0
20480,-181.0,13.0,149.0,-49.0,101.0,10.0
20520,-181.0,36.0,62.0,-7.0,121.0,-36.0
20560,-167.0,-62.0,97.0,63.0,118.0,-64.0
20600,-207.0,183.0,143.0,78.0,77.0,-58.0
20640,-192.0,-95.0,-54.0,62.0,103.0,-63.0
20680,-226.0,55.0,106.0,45.0,98.0,39.0
20720,-238.0,1.0,53.0,10.0,76.0,-36.0
20760,-222.0,-21.0,-90.0,-2.0,45.0,-25.0
20800,-208.0,-12.0,21.0,8.0,-27.0,-69.0
20840,-217.0,53.0,-13.0,25.0,-27.0,-104.0
20880,-192.0,-192.0,-124.0,38.0,-13.0,-174.0
20920,-245.0,17.0,3.0,12.0,-42.0,-64.0
20960,-243.0,-185.0,-133.0,-1.0,-33.0,-163.0
21000,-235.0,-106.0,-62.0,-20.0,-23.0,-95.0
21040,-239.0,-64.0,-84.0,-15.0,-61.0,-108.0
21080,-214.0,-157.0,-132.0,17.0,-54.0,-118.0
21120,-227.0,-132.0,11.0,38.0,-65.0,-122.0
21160,-244.0,-36.0,14.0,32.0,-98.0,-106.0
21200,-228.0,-202.0,-94.0,36.0,-91.0,-127.0
21240,-259.0,-44.0,101.0,4.0,-117.0,-16.0
21280,-279.0,-92.0,13.0,-7.0,-163.0,-38.0
21320,-262.0,-113.0,-8.0,10.0,-181.0,-45.0
21360,-288.0,-54.0,123.0,8.0,-203.0,-4.0
21400,-326.0,-65.0,57.0,50.0,-169.0,-89.0
21440,-343.0,-85.0,102.0,56.0,-106.0,43.0
21480,-394.0,61.0,196.0,33.0,-116.0,98.0
21520,-374.0,-42.0,24.0,76.0,-82.0,-33.0
21560,-364.0,23.0,153.0,66.0,-98.0,20.0
21600,-389.0,87.0,147.0,-6.0,-189.0,-4.0
21640,-364.0,-97.0,-20.0,8.0,-153.0,-21.0
21680,-388.0,114.0,150.0,-10.0,-172.0,-58.0
21720,-382.0,57.0,42.0,-47.0,-202.0,58.0
21760,-323.0,-17.0,-16.0,-36.0,-153.0,53.0
21800,-323.0,99.0,105.0,-45.0,-157.0,-4.0
21840,-310.0,-36.0,-13.0,13.0,-147.0,2.0
21880,-309.0,-19.0,2.0,41.0,-152.0,34.0
21920,-298.0,96.0,153.0,-19.0,-164.0,156.0
21960,-259.0,30.0,7.0,-31.0,-142.0,117.0
22000,-228.0,-19.0,38.0,16.0,-164.0,-18.0
22040,-235.0,180.0,204.0,67.0,-175.0,37.0
22080,-185.0,-53.0,6.0,90.0,-135.0,9.0
22120,-177.0,103.0,136.0,43.0,-160.0,222.0
22160,-177.0,81.0,121.0,3.0,-196.0,110.0
22200,-154.0,-95.0,-49.0,18.0,-177.0,51.0
22240,-186.0,95.0,42.0,46.0,-180.0,34.0
22280,-180.0,4.0,-47.0,84.0,-155.0,36.0
22320,-164.0,-90.0,-86.0,107.0,-117.0,26.0
22360,-173.0,70.0,-53.0,28.0,-177.0,33.0
22400,-128.0,-93.0,-158.0,-18.0,-181.0,-32.0
22440,-98.0,-28.0,-72.0,11.0,-152.0,-15.0
22480,-99.0,27.0,-125.0,33.0,-162.0,15.0
22520,-64.0,-101.0,-212.0,79.0,-167.0,-115.0
22560,-37.0,-8.0,-109.0,37.0,-211.0,-7.0
22600,-21.0,-56.0,-148.0,-29.0,-204.0,59.0
22640,19.0,-16.0,-115.0,24.0,-204.0,-6.0
22680,17.0,-21.0,-100.0,48.0,-213.0,-34.0
22720,31.0,-18.0,-89.0,86.0,-148.0,-176.0
22760,38.0,-115.0,-67.0,82.0,-96.0,-32.0
22800,17.0,68.0,-36.0,66.0,-153.0,55.0
22840,50.0,-23.0,-195.0,20.0,-156.0,44.0
22880,57.0,-13.0,-24.0,-11.0,-166.0,63.0
22920,34.0,56.0,24.0,36.0,-206.0,28.0
22960,31.0,27.0,-130.0,114.0,-179.0,-23.0
23000,20.0,2.0,-42.0,108.0,-195.0,-64.0
23040,6.0,114.0,27.0,83.0,-180.0,72.0
23080,-2.0,-62.0,-143.0,31.0,-105.0,5.0
23120,-26.0,114.0,23.0,3.0,-82.0,58.0
23160,-31.0,11.0,-79.0,32.0,-68.0,-24.0
23200,-27.0,-3.0,-63.0,66.0,-76.0,-42.0
23240,-51.0,133.0,67.0,58.0,-122.0,-7.0
23280,-34.0,-27.0,-65.0,41.0,-136.0,-24.0
23320,-41.0,18.0,35.0,-18.0,-159.0,38.0
23360,-70.0,118.0,87.0,-61.0,-163.0,40.0
23400,-38.0,-55.0,-55.0,-17.0,-106.0,-14.0
23440,-69.0,26.0,81.0,39.0,-68.0,5.0
23480,-95.0,62.0,97.0,49.0,-72.0,86.0
23520,-83.0,-87.0,0.0,-15.0,-41.0,11.0
23560,-109.0,24.0,114.0,-55.0,-68.0,23.0
23600,-123.0,53.0,93.0,-36.0,-77.0,-28.0
23640,-113.0,-68.0,-5.0,38.0,-69.0,-47.0
23680,-129.0,85.0,86.0,70.0,-89.0,-8.0
23720,-157.0,-94.0,-41.0,51.0,-83.0,-6.0
23760,-175.0,-45.0,-8.0,-37.0,-89.0,108.0
23800,-192.0,36.0,-26.0,-60.0,-105.0,57.0
23840,-141.0,-77.0,-121.0,15.0,-45.0,-143.0
23880,-144.0,-37.0,-30.0,68.0,-42.0,-64.0
23920,-171.0,0.0,-88.0,53.0,-35.0,9.0
23960,-152.0,-175.0,-175.0,17.0,4.0,-78.0
24000,-188.0,54.0,29.0,-21.0,8.0,-84.0
24040,-175.0,-7.0,-124.0,15.0,13.0,-174.0
24080,-123.0,-75.0,-171.0,37.0,26.0,-121.0
24120,-100.0,-1.0,-22.0,62.0,-3.0,-107.0
24160,-97.0,-62.0,-88.0,21.0,-6.0,-23.0
24200,-107.0,-111.0,-121.0,-35.0,46.0,-174.0
24240,-120.0,21.0,-34.0,11.0,77.0,-82.0
24280,-75.0,-127.0,-96.0,79.0,107.0,-101.0
24320,-78.0,-77.0,-46.0,25.0,114.0,-15.0
24360,-72.0,1.0,-73.0,-50.0,77.0,49.0
24400,-39.0,-133.0,-117.0,-84.0,102.0,-36.0
24440,-40.0,32.0,29.0,-45.0,113.0,-66.0
24480,-28.0,66.0,-78.0,17.0,126.0,-49.0
24520,9.0,-104.0,-100.0,28.0,156.0,-80.0
24560,18.0,96.0,53.0,-3.0,107.0,25.0
24600,44.0,-40.0,-139.0,-48.0,97.0,-24.0
24640,54.0,10.0,-110.0,-26.0,93.0,44.0
24680,27.0,86.0,20.0,0.0,107.0,43.0
24720,35.0,31.0,-75.0,0.0,202.0,-23.0
24760,30.0,19.0,-20.0,30.0,221.0,8.0
24800,0.0,201.0,62.0,46.0,178.0,-35.0
24840,53.0,-71.0,-50.0,55.0,167.0,-83.0
24880,44.0,168.0,80.0,35.0,115.0,125.0
24920,42.0,55.0,-40.0,-20.0,81.0,49.0
24960,36.0,70.0,29.0,1.0,85.0,13.0
25000,18.0,91.0,105.0,25.0,106.0,-41.0
25040,-2.0,77.0,31.0,54.0,143.0,-106.0
25080,16.0,-109.0,43.0,54.0,159.0,31.0
25120,-25.0,78.0,135.0,-50.0,101.0,73.0
25160,-8.0,-24.0,-8.0,-103.0,44.0,71.0
25200,-19.0,-30.0,57.0,-64.0,7.0,105.0
25240,-21.0,112.0,142.0,-28.0,-15.0,-7.0
25280,-3.0,-107.0,12.0,22.0,0.0,16.0
25320,-30.0,85.0,162.0,-14.0,-20.0,86.0
25360,-37.0,6.0,72.0,-53.0,-35.0,40.0
25400,22.0,-29.0,91.0,-29.0,-27.0,41.0
25440,0.0,7.0,131.0,13.0,-48.0,-8.0
25480,-18.0,69.0,43.0,82.0,-26.0,-43.0
25520,8.0,-110.0,32.0,105.0,-5.0,-31.0
25560,-8.0,68.0,200.0,56.0,-32.0,-24.0
25600,8.0,-118.0,28.0,37.0,-33.0,-80.0
25640,15.0,1.0,120.0,-16.0,-36.0,2.0
25680,-15.0,-65.0,133.0,-36.0,-79.0,48.0
25720,-36.0,-61.0,107.0,-9.0,-90.0,6.0
25760,-57.0,-10.0,204.0,26.0,-90.0,-18.0
25800,-60.0,62.0,214.0,39.0,-101.0,74.0
25840,-23.0,-128.0,119.0,26.0,-67.0,60.0
25880,-59.0,71.0,286.0,-44.0,-72.0,144.0
25920,-50.0,-33.0,189.0,-8.0,-55.0,-49.0
25960,-58.0,-26.0,182.0,27.0,-45.0,-24.0
26000,-94.0,39.0,209.0,15.0,-95.0,49.0
26040,-50.0,-92.0,143.0,3.0,-63.0,31.0
26080,-33.0,35.0,212.0,-69.0,-42.0,111.0
26120,-94.0,6.0,108.0,-80.0,-39.0,63.0
26160,-23.0,37.0,147.0,8.0,-31.0,109.0
26200,6.0,-76.0,156.0,28.0,-88.0,123.0
26240,26.0,171.0,234.0,39.0,-144.0,87.0
26280,58.0,45.0,52.0,50.0,-122.0,107.0
26320,101.0,87.0,211.0,58.0,-69.0,55.0
26360,119.0,128.0,174.0,73.0,-14.0,128.0
26400,140.0,-10.0,45.0,91.0,35.0,33.0
26440,144.0,225.0,163.0,45.0,20.0,185.0
26480,167.0,53.0,19.0,12.0,18.0,110.0
26520,196.0,48.0,112.0,27.0,1.0,25.0
26560,192.0,216.0,164.0,68.0,-30.0,-42.0
26600,267.0,14.0,-95.0,74.0,-19.0,65.0
26640,269.0,46.0,101.0,-2.0,-47.0,167.0
26680,248.0,95.0,96.0,-62.0,-82.0,143.0
26720,258.0,-69.0,-68.0,-73.0,-75.0,19.0
26760,227.0,125.0,102.0,-31.0,-51.0,77.0
26800,254.0,74.0,35.0,86.0,-36.0,-77.0
26840,306.0,15.0,-15.0,146.0,-20.0,25.0
26880,290.0,131.0,34.0,82.0,-58.0,117.0
26920,280.0,5.0,-67.0,16.0,-132.0,130.0
26960,274.0,123.0,-20.0,-41.0,-93.0,218.0
27000,284.0,54.0,-102.0,-79.0,-97.0,74.0
27040,304.0,117.0,-88.0,79.0,-19.0,-248.0
27080,289.0,72.0,25.0,200.0,10.0,59.0
27120,304.0,119.0,9.0,25.0,-74.0,328.0
27160,358.0,-163.0,-186.0,-79.0,-76.0,134.0
27200,320.0,225.0,43.0,33.0,-139.0,-10.0
27240,324.0,47.0,-100.0,158.0,-144.0,7.0
27280,313.0,-32.0,-153.0,144.0,-71.0,163.0
27320,299.0,44.0,14.0,41.0,10.0,11.0
27360,305.0,85.0,-12.0,-47.0,83.0,-46.0
27400,301.0,38.0,-118.0,-18.0,51.0,-49.0
27440,243.0,93.0,-60.0,18.0,13.0,78.0
27480,259.0,-66.0,-27.0,124.0,53.0,-323.0
27520,237.0,21.0,-10.0,119.0,-25.0,167.0
27560,193.0,42.0,-180.0,-41.0,-102.0,121.0
27600,203.0,-127.0,-126.0,-46.0,-77.0,130.0
27640,169.0,11.0,130.0,-45.0,-56.0,220.0
27680,100.0,62.0,-54.0,-62.0,-27.0,-19.0
27720,55.0,-96.0,-146.0,32.0,44.0,41.0
27760,30.0,75.0,138.0,118.0,87.0,-142.0
27800,77.0,39.0,17.0,140.0,77.0,-70.0
27840,84.0,-87.0,-135.0,15.0,83.0,161.0
27880,27.0,12.0,-8.0,-137.0,58.0,92.0
27920,8.0,-60.0,15.0,-64.0,73.0,-24.0
27960,-17.0,-12.0,-18.0,72.0,112.0,-271.0
28000,-28.0,78.0,-74.0,169.0,85.0,-11.0
28040,49.0,-168.0,-108.0,109.0,115.0,48.0
28080,49.0,-31.0,81.0,-44.0,94.0,-192.0
28120,24.0,-54.0,-96.0,-46.0,28.0,-23.0
28160,51.0,-180.0,-184.0,28.0,35.0,-153.0
28200,33.0,-9.0,-29.0,104.0,57.0,-138.0
28240,44.0,-96.0,-120.0,70.0,95.0,-326.0
28280,60.0,-169.0,-129.0,-49.0,152.0,-12.0
28320,29.0,-69.0,-30.0,-92.0,172.0,-84.0
28360,43.0,-85.0,-95.0,-12.0,183.0,-267.0
28400,75.0,-73.0,-48.0,143.0,56.0,-537.0
28440,108.0,-66.0,-34.0,125.0,-9.0,93.0
28480,89.0,-208.0,-248.0,-12.0,48.0,-258.0
28520,8.0,-21.0,13.0,0.0,74.0,-265.0
28560,30.0,85.0,-7.0,-3.0,67.0,207.0
28600,128.0,-250.0,-219.0,7.0,26.0,-46.0
28640,82.0,-87.0,-35.0,-12.0,-4.0,25.0
28680,24.0,-8.0,15.0,34.0,-13.0,-451.0
28720,48.0,-108.0,-100.0,-1.0,89.0,17.0
28760,71.0,-43.0,-87.0,47.0,115.0,178.0
28800,101.0,-95.0,-53.0,66.0,62.0,-329.0
28840,101.0,41.0,65.0,33.0,79.0,-126.0
28880,40.0,96.0,-87.0,-8.0,41.0,-154.0
28920,59.0,-208.0,-136.0,-10.0,92.0,41.0
28960,86.0,-23.0,200.0,96.0,59.0,-78.0
29000,82.0,45.0,8.0,45.0,80.0,-118.0
29040,74.0,-14.0,-218.0,16.0,159.0,-90.0
29080,53.0,4.0,60.0,5.0,66.0,105.0
29120,54.0,-27.0,90.0,5.0,58.0,-176.0
29160,52.0,-84.0,-89.0,10.0,37.0,42.0
29200,19.0,114.0,11.0,-14.0,69.0,-37.0
29240,6.0,-14.0,11.0,-32.0,161.0,48.0
29280,-26.0,39.0,128.0,-17.0,109.0,12.0
29320,-86.0,155.0,35.0,-13.0,28.0,127.0
29360,-20.0,39.0,4.0,15.0,38.0,182.0
29400,-49.0,139.0,239.0,18.0,76.0,47.0
29440,-107.0,170.0,108.0,29.0,67.0,129.0
29480,-114.0,29.0,-25.0,77.0,15.0,230.0
29520,-148.0,122.0,177.0,35.0,61.0,234.0
29560,-160.0,218.0,99.0,11.0,78.0,179.0
29600,-101.0,39.0,0.0,10.0,40.0,72.0
29640,-112.0,238.0,119.0,-4.0,-10.0,262.0
29680,-149.0,-13.0,16.0,26.0,17.0,17.0
29720,-168.0,101.0,113.0,28.0,98.0,9.0
29760,-161.0,82.0,154.0,117.0,83.0,-29.0
29800,-154.0,127.0,5.0,158.0,39.0,45.0
29840,-141.0,8.0,64.0,107.0,-47.0,-14.0
29880,-147.0,98.0,220.0,24.0,-57.0,65.0
29920,-122.0,-126.0,22.0,10.0,27.0,106.0
29960,-161.0,121.0,76.0,-7.0,31.0,162.0
30000,-184.0,84.0,115.0,27.0,-8.0,17.0
30040,-150.0,8.0,199.0,51.0,-32.0,34.0
30080,-179.0,133.0,113.0,26.0,-61.0,190.0
30120,-157.0,13.0,-13.0,46.0,-55.0,-1.0
30160,-144.0,25.0,203.0,54.0,-73.0,157.0
30200,-179.0,90.0,158.0,17.0,-91.0,188.0
30240,-168.0,-22.0,-28.0,4.0,-37.0,152.0
30280,-189.0,118.0,209.0,63.0,-13.0,82.0
30320,-196.0,145.0,202.0,147.0,-37.0,-5.0
30360,-120.0,50.0,47.0,154.0,-57.0,8.0
30400,-104.0,17.0,74.0,141.0,-123.0,-32.0
30440,-91.0,152.0,136.0,77.0,-149.0,39.0
30480,-71.0,-62.0,-30.0,38.0,-130.0,92.0
30520,-112.0,164.0,60.0,25.0,-144.0,14.0
30560,-120.0,6.0,-31.0,76.0,-113.0,59.0
30600,-62.0,118.0,115.0,104.0,-68.0,47.0
30640,-36.0,79.0,87.0,72.0,-43.0,62.0
30680,-25.0,110.0,34.0,85.0,-25.0,-15.0
30720,-38.0,21.0,65.0,109.0,-55.0,68.0
30760,-34.0,248.0,120.0,132.0,-62.0,151.0
30800,13.0,-74.0,-66.0,158.0,-4.0,-72.0
30840,-15.0,171.0,167.0,124.0,39.0,50.0
30880,-37.0,2.0,36.0,87.0,43.0,-11.0
30920,-23.0,-30.0,27.0,13.0,41.0,55.0
30960,-15.0,59.0,94.0,-80.0,-54.0,205.0
31000,-4.0,16.0,49.0,-100.0,-142.0,193.0
31040,2.0,21.0,94.0,-63.0,-113.0,101.0
31080,-38.0,192.0,114.0,-3.0,-55.0,48.0
31120,-1.0,15.0,17.0,82.0,78.0,106.0
31160,-20.0,81.0,151.0,83.0,156.0,147.0
31200,-11.0,103.0,131.0,53.0,106.0,139.0
31240,26.0,56.0,50.0,80.0,44.0,110.0
31280,32.0,109.0,96.0,99.0,-1.0,133.0
31320,19.0,106.0,52.0,112.0,27.0,23.0
31360,66.0,-49.0,19.0,127.0,86.0,-26.0
31400,57.0,87.0,82.0,78.0,74.0,64.0
31440,67.0,26.0,-63.0,-9.0,77.0,80.0
31480,92.0,-69.0,-7.0,-71.0,69.0,144.0
31520,79.0,55.0,102.0,-70.0,7.0,152.0
31560,91.0,16.0,-38.0,-7.0,-16.0,42.0
31600,105.0,45.0,25.0,41.0,-37.0,40.0
31640,116.0,107.0,120.0,39.0,-49.0,88.0
31680,138.0,-4.0,5.0,13.0,6.0,70.0
31720,120.0,86.0,81.0,-42.0,20.0,100.0
31760,115.0,122.0,74.0,-15.0,-2.0,22.0
31800,168.0,-85.0,19.0,66.0,-33.0,-29.0
31840,163.0,88.0,73.0,56.0,-130.0,66.0
31880,173.0,-10.0,-59.0,-25.0,-202.0,128.0
31920,155.0,-84.0,-1.0,-131.0,-200.0,211.0
31960,110.0,57.0,114.0,-175.0,-197.0,84.0
32000,120.0,-70.0,-33.0,-63.0,-147.0,-36.0
32040,111.0,16.0,75.0,92.0,-121.0,-82.0
32080,109.0,52.0,126.0,130.0,-140.0,-22.0
32120,161.0,-74.0,18.0,101.0,-133.0,-51.0
32160,158.0,26.0,89.0,42.0,-160.0,13.0
32200,134.0,28.0,33.0,50.0,-183.0,31.0
32240,149.0,-71.0,-36.0,98.0,-164.0,-49.0
32280,126.0,-34.0,94.0,64.0,-189.0,87.0
32320,117.0,27.0,49.0,-9.0,-198.0,42.0
32360,161.0,-140.0,-12.0,-78.0,-177.0,1.0
32400,178.0,98.0,131.0,-79.0,-219.0,-13.0
32440,204.0,-136.0,-18.0,-11.0,-227.0,-85.0
32480,182.0,-63.0,29.0,35.0,-204.0,-106.0
32520,131.0,30.0,47.0,57.0,-194.0,-125.0
32560,148.0,-110.0,-41.0,59.0,-127.0,-122.0
32600,165.0,-33.0,72.0,19.0,-114.0,-54.0
32640,157.0,-16.0,54.0,-15.0,-110.0,-109.0
32680,147.0,-119.0,-15.0,20.0,-66.0,-201.0
32720,88.0,-23.0,73.0,22.0,-86.0,-124.0
32760,60.0,-47.0,-51.0,-13.0,-107.0,-99.0
32800,83.0,-186.0,-44.0,-44.0,-138.0,-86.0
32840,63.0,43.0,103.0,-78.0,-198.0,-36.0
32880,62.0,-122.0,-70.0,-54.0,-170.0,-108.0
32920,43.0,-103.0,44.0,4.0,-93.0,-134.0
32960,-24.0,-44.0,154.0,46.0,-25.0,-84.0
33000,-40.0,-180.0,35.0,60.0,73.0,-162.0
33040,-64.0,-100.0,105.0,41.0,130.0,-86.0
33080,-82.0,-53.0,87.0,45.0,129.0,-211.0
33120,-45.0,-172.0,28.0,57.0,98.0,-167.0
33160,-53.0,-118.0,88.0,-1.0,-4.0,-105.0
33200,-80.0,-124.0,46.0,-79.0,-74.0,-45.0
33240,-102.0,-167.0,26.0,-98.0,-48.0,-106.0
33280,-140.0,-54.0,130.0,-104.0,4.0,-47.0
33320,-145.0,-90.0,3.0,-47.0,102.0,-134.0
33360,-115.0,-184.0,1.0,-5.0,153.0,-64.0
33400,-112.0,20.0,99.0,-13.0,112.0,-54.0
33440,-73.0,-178.0,-86.0,1.0,91.0,-99.0
33480,-91.0,-120.0,51.0,6.0,66.0,-57.0
33520,-154.0,10.0,83.0,16.0,61.0,-70.0
33560,-129.0,-165.0,-58.0,59.0,110.0,-126.0
33600,-119.0,24.0,126.0,59.0,109.0,-126.0
33640,-114.0,-45.0,35.0,52.0,70.0,-62.0
33680,-82.0,-130.0,6.0,16.0,53.0,-48.0
33720,-122.0,-5.0,103.0,-46.0,6.0,21.0
33760,-142.0,-103.0,-6.0,0.0,3.0,-113.0
33800,-135.0,-26.0,65.0,83.0,14.0,-178.0
33840,-156.0,41.0,81.0,122.0,-8.0,-125.0
33880,-137.0,-96.0,10.0,123.0,25.0,-147.0
33920,-165.0,-65.0,70.0,82.0,54.0,-136.0
33960,-212.0,41.0,72.0,43.0,35.0,-107.0
34000,-204.0,-127.0,-51.0,49.0,50.0,-81.0
34040,-212.0,-48.0,56.0,51.0,4.0,-61.0
34080,-227.0,-38.0,11.0,46.0,-88.0,-28.0
34120,-212.0,-100.0,-52.0,10.0,-108.0,-98.0
34160,-218.0,-27.0,114.0,-30.0,-139.0,-54.0
34200,-221.0,16.0,80.0,29.0,-139.0,-177.0
34240,-233.0,-196.0,18.0,108.0,-95.0,-157.0
34280,-307.0,134.0,177.0,146.0,-80.0,-142.0
34320,-270.0,-158.0,-79.0,142.0,-63.0,-79.0
34360,-239.0,-14.0,21.0,118.0,-102.0,78.0
34400,-205.0,-22.0,-9.0,91.0,-168.0,39.0
34440,-160.0,-94.0,-80.0,79.0,-165.0,-156.0
34480,-184.0,-22.0,35.0,120.0,-176.0,-102.0
34520,-210.0,64.0,-24.0,120.0,-164.0,-27.0
34560,-142.0,-137.0,-93.0,100.0,-126.0,-65.0
34600,-150.0,108.0,80.0,102.0,-180.0,81.0
34640,-133.0,17.0,-93.0,67.0,-184.0,77.0
34680,-128.0,-27.0,-98.0,73.0,-166.0,72.0
34720,-146.0,111.0,102.0,118.0,-187.0,86.0
34760,-154.0,112.0,-36.0,167.0,-145.0,-24.0
34800,-108.0,26.0,-37.0,114.0,-103.0,150.0
34840,-122.0,201.0,90.0,37.0,-118.0,146.0
34880,-100.0,-23.0,-18.0,47.0,-119.0,-4.0
34920,-157.0,164.0,86.0,56.0,-117.0,75.0
34960,-195.0,125.0,-22.0,21.0,-124.0,140.0
35000,-194.0,-40.0,-30.0,26.0,-91.0,184.0
35040,-225.0,206.0,195.0,-33.0,-92.0,217.0
35080,-213.0,116.0,12.0,-28.0,-104.0,120.0
35120,-179.0,97.0,42.0,44.0,-78.0,158.0
35160,-198.0,186.0,157.0,102.0,-91.0,152.0
35200,-160.0,139.0,64.0,135.0,-87.0,142.0
35240,-153.0,119.0,25.0,98.0,-72.0,186.0
35280,-180.0,235.0,22.0,68.0,-73.0,146.0
35320,-130.0,15.0,-83.0,77.0,-25.0,164.0
35360,-110.0,134.0,22.0,13.0,-25.0,248.0
35400,-75.0,136.0,-14.0,-46.0,-46.0,254.0
35440,-36.0,115.0,-95.0,-58.0,-8.0,166.0
35480,-4.0,129.0,56.0,-40.0,-4.0,113.0
35520,8.0,205.0,30.0,17.0,-15.0,132.0
35560,32.0,13.0,-42.0,57.0,7.0,122.0
35600,1.0,347.0,122.0,23.0,-6.0,193.0
35640,48.0,59.0,-62.0,9.0,7.0,136.0
35680,34.0,162.0,46.0,3.0,38.0,146.0
35720,0.0,222.0,70.0,-2.0,35.0,212.0
35760,4.0,94.0,-111.0,21.0,64.0,107.0
35800,13.0,103.0,43.0,27.0,41.0,103.0
35840,-21.0,219.0,17.0,14.0,-13.0,88.0
35880,15.0,-37.0,-155.0,-6.0,-22.0,39.0
35920,-21.0,151.0,-25.0,-52.0,-39.0,80.0
35960,-26.0,33.0,-104.0,-40.0,-7.0,1.0
36000,-46.0,-77.0,-119.0,11.0,71.0,-7.0
36040,-111.0,136.0,-30.0,25.0,72.0,30.0
36080,-99.0,-73.0,-159.0,44.0,74.0,-26.0
36120,-63.0,11.0,-36.0,38.0,82.0,23.0
36160,-57.0,54.0,-35.0,27.0,37.0,-17.0
36200,-37.0,-35.0,-150.0,41.0,31.0,-57.0
36240,-67.0,-86.0,-21.0,23.0,8.0,39.0
36280,-109.0,93.0,-21.0,-13.0,-10.0,-26.0
36320,-82.0,-150.0,-222.0,5.0,21.0,-71.0
36360,-95.0,91.0,14.0,-7.0,39.0,-47.0
36400,-61.0,-48.0,-93.0,-7.0,54.0,-5.0
36440,-26.0,-138.0,-149.0,2.0,84.0,-168.0
36480,-54.0,-5.0,-24.0,-15.0,46.0,-78.0
36520,-68.0,-108.0,-140.0,-10.0,45.0,-162.0
36560,-66.0,-143.0,-118.0,0.0,79.0,-104.0
36600,-96.0,26.0,-50.0,-22.0,58.0,-91.0
36640,-65.0,-159.0,-207.0,-16.0,65.0,-138.0
36680,-59.0,-64.0,-93.0,-13.0,24.0,-56.0
36720,-70.0,45.0,-100.0,-9.0,-35.0,-48.0
36760,-32.0,-181.0,-204.0,17.0,-6.0,-110.0
36800,-68.0,52.0,-51.0,14.0,5.0,-44.0
36840,-62.0,-61.0,-145.0,12.0,29.0,-104.0
36880,-26.0,-122.0,-174.0,30.0,76.0,-119.0
36920,-33.0,2.0,-64.0,16.0,62.0,-78.0
36960,-35.0,-48.0,-154.0,22.0,74.0,-125.0
37000,-25.0,-150.0,-130.0,49.0,98.0,-147.0
37040,-59.0,23.0,-28.0,39.0,86.0,-159.0
37080,-24.0,-168.0,-155.0,18.0,76.0,-118.0
37120,-34.0,-152.0,-76.0,-40.0,42.0,-59.0
37160,-38.0,20.0,-5.0,-90.0,-2.0,-50.0
37200,-11.0,-200.0,-178.0,-75.0,7.0,-97.0
37240,-30.0,-49.0,3.0,-61.0,-2.0,10.0
37280,-60.0,-23.0,-41.0,-44.0,29.0,-49.0
37320,-39.0,-217.0,-86.0,-19.0,98.0,-89.0
37360,-89.0,28.0,69.0,-23.0,108.0,12.0
37400,-86.0,-118.0,-119.0,-17.0,120.0,-10.0
37440,-66.0,-136.0,-22.0,-19.0,148.0,-53.0
37480,-95.0,32.0,60.0,-19.0,103.0,-26.0
37520,-88.0,-108.0,-152.0,-7.0,73.0,-114.0
37560,-102.0,-76.0,-23.0,-9.0,33.0,-79.0
37600,-110.0,13.0,71.0,-42.0,-29.0,-24.0
37640,-76.0,-131.0,-127.0,-62.0,-37.0,-72.0
37680,-77.0,-20.0,-13.0,-72.0,-42.0,-44.0
37720,-91.0,30.0,-5.0,-16.0,-23.0,-123.0
37760,-67.0,-99.0,-62.0,72.0,44.0,-52.0
37800,-110.0,69.0,33.0,-29.0,32.0,213.0
37840,-102.0,-19.0,-44.0,-119.0,57.0,22.0
37880,-82.0,19.0,37.0,-59.0,83.0,-57.0
37920,-93.0,176.0,155.0,12.0,32.0,-38.0
37960,-76.0,2.0,-59.0,104.0,26.0,-110.0
38000,-53.0,-27.0,91.0,61.0,1.0,10.0
38040,-94.0,105.0,164.0,-78.0,-29.0,-94.0
38080,-89.0,-73.0,-60.0,-89.0,-34.0,-22.0
38120,-111.0,3.0,81.0,-67.0,-44.0,38.0
38160,-116.0,43.0,158.0,-13.0,-63.0,-28.0
38200,-91.0,-123.0,16.0,61.0,-60.0,-60.0
38240,-127.0,106.0,176.0,45.0,-69.0,-59.0
38280,-138.0,-60.0,41.0,62.0,-99.0,-12.0
38320,-107.0,-109.0,111.0,74.0,-84.0,-81.0
38360,-138.0,78.0,162.0,58.0,-101.0,-102.0
38400,-111.0,-90.0,-30.0,86.0,-96.0,-44.0
38440,-111.0,-85.0,71.0,80.0,-79.0,-91.0
38480,-125.0,66.0,151.0,58.0,-102.0,-11.0
38520,-83.0,-220.0,-49.0,38.0,-81.0,-74.0
38560,-95.0,-7.0,135.0,2.0,-94.0,-85.0
38600,-97.0,-69.0,83.0,30.0,-133.0,-51.0
38640,-46.0,-122.0,60.0,54.0,-128.0,-141.0
38680,-60.0,-62.0,135.0,42.0,-165.0,-6.0
38720,-52.0,46.0,108.0,17.0,-183.0,-23.0
38760,1.0,-127.0,97.0,-6.0,-151.0,-93.0
38800,-7.0,129.0,260.0,10.0,-172.0,15.0
38840,27.0,-93.0,86.0,38.0,-163.0,-14.0
38880,62.0,11.0,192.0,44.0,-120.0,13.0
38920,89.0,110.0,181.0,22.0,-129.0,103.0
38960,138.0,-54.0,43.0,29.0,-121.0,36.0
39000,125.0,58.0,176.0,42.0,-145.0,161.0
39040,79.0,61.0,106.0,38.0,-192.0,177.0
39080,113.0,25.0,98.0,49.0,-174.0,81.0
39120,125.0,89.0,221.0,50.0,-190.0,183.0
39160,164.0,142.0,149.0,35.0,-188.0,136.0
39200,190.0,-18.0,90.0,35.0,-152.0,169.0
39240,154.0,221.0,243.0,43.0,-162.0,243.0
39280,174.0,42.0,105.0,51.0,-137.0,145.0
39320,181.0,123.0,170.0,55.0,-125.0,197.0
39360,139.0,187.0,225.0,44.0,-140.0,191.0
39400,171.0,103.0,154.0,33.0,-84.0,216.0
39440,175.0,56.0,187.0,50.0,-34.0,229.0
39480,154.0,225.0,275.0,25.0,-26.0,220.0
39520,186.0,-25.0,102.0,3.0,-65.0,218.0
39560,195.0,212.0,252.0,-8.0,-117.0,214.0
39600,230.0,100.0,113.0,-27.0,-156.0,178.0
39640,247.0,60.0,98.0,19.0,-119.0,112.0
39680,217.0,173.0,231.0,40.0,-39.0,47.0
39720,217.0,114.0,95.0,28.0,1.0,270.0
39760,202.0,-48.0,29.0,7.0,27.0,215.0
39800,169.0,238.0,200.0,-38.0,-2.0,214.0
39840,233.0,-32.0,15.0,23.0,3.0,-51.0
39880,228.0,116.0,84.0,45.0,-20.0,285.0
39920,214.0,131.0,34.0,46.0,-14.0,-70.0
39960,218.0,3.0,22.0,49.0,37.0,-45.0
40000,176.0,138.0,147.0,60.0,37.0,-65.0
40040,156.0,79.0,-2.0,89.0,46.0,-15.0
40080,186.0,-124.0,-57.0,33.0,37.0,-60.0
40120,142.0,90.0,138.0,-15.0,9.0,-40.0
40160,125.0,-61.0,-84.0,-28.0,9.0,-58.0
40200,136.0,-28.0,-69.0,-16.0,23.0,33.0
40240,96.0,81.0,35.0,41.0,31.0,-144.0
40280,90.0,-77.0,-45.0,82.0,107.0,-85.0
40320,33.0,-15.0,-1.0,46.0,152.0,-102.0
40360,33.0,74.0,-13.0,0.0,101.0,66.0
40400,80.0,-164.0,-119.0,-16.0,68.0,-27.0
40440,61.0,3.0,25.0,-50.0,36.0,-28.0
40480,35.0,31.0,-100.0,-7.0,12.0,-67.0
40520,40.0,-115.0,-120.0,68.0,57.0,-65.0
40560,6.0,47.0,59.0,48.0,50.0,28.0
40600,54.0,-79.0,-93.0,45.0,69.0,-185.0
40640,79.0,-169.0,-134.0,4.0,61.0,-88.0
40680,30.0,45.0,-27.0,-18.0,2.0,57.0
40720,45.0,-163.0,-211.0,-18.0,-15.0,-11.0
40760,58.0,-29.0,-69.0,27.0,-17.0,-60.0
40800,36.0,36.0,-34.0,53.0,-24.0,-8.0
40840,49.0,-66.0,-173.0,32.0,28.0,-33.0
40880,69.0,2.0,0.0,7.0,49.0,11.0
40920,62.0,41.0,-11.0,16.0,3.0,86.0
40960,74.0,-121.0,-145.0,39.0,0.0,19.0
41000,31.0,112.0,-27.0,6.0,-18.0,102.0
41040,55.0,-32.0,-108.0,-14.0,-45.0,26.0
41080,55.0,-106.0,-75.0,4.0,-32.0,88.0
41120,10.0,131.0,7.0,-14.0,-30.0,35.0
41160,38.0,-152.0,-159.0,52.0,-8.0,-60.0
41200,31.0,-10.0,22.0,30.0,-36.0,38.0
41240,15.0,-19.0,-56.0,-35.0,-121.0,37.0
41280,16.0,-99.0,-177.0,-38.0,-95.0,-74.0
41320,4.0,-67.0,-39.0,18.0,-60.0,-133.0
41360,-21.0,1.0,-68.0,65.0,-44.0,-122.0
41400,4.0,-206.0,-171.0,66.0,0.0,-94.0
41440,-41.0,78.0,38.0,19.0,-61.0,-39.0
41480,-25.0,-191.0,-154.0,13.0,-78.0,-155.0
41520,-30.0,-129.0,-103.0,-23.0,-55.0,-99.0
41560,-75.0,-119.0,-23.0,-39.0,-69.0,-85.0
41600,-84.0,-83.0,-138.0,-2.0,-45.0,-172.0
41640,-76.0,-237.0,-117.0,16.0,-32.0,-278.0
41680,-115.0,48.0,23.0,13.0,-45.0,-162.0
41720,-81.0,-303.0,-166.0,1.0,-21.0,-181.0
41760,-119.0,-65.0,17.0,-35.0,-58.0,-98.0
41800,-131.0,-90.0,-39.0,-58.0,-117.0,-104.0
41840,-147.0,-189.0,-123.0,-46.0,-59.0,-166.0
41880,-166.0,-35.0,57.0,0.0,13.0,-164.0
41920,-193.0,-21.0,-17.0,29.0,67.0,-170.0
41960,-169.0,-190.0,-93.0,49.0,66.0,-214.0
42000,-200.0,50.0,103.0,9.0,13.0,-124.0
42040,-186.0,-159.0,-96.0,-20.0,-12.0,-189.0
42080,-200.0,-84.0,-41.0,-4.0,-27.0,-71.0
42120,-236.0,21.0,14.0,-15.0,-39.0,-64.0
42160,-232.0,-160.0,-109.0,-59.0,13.0,-9.0
42200,-248.0,16.0,62.0,0.0,106.0,-291.0
42240,-264.0,45.0,22.0,75.0,119.0,-169.0
42280,-228.0,-192.0,-54.0,14.0,80.0,-138.0
42320,-277.0,29.0,88.0,-75.0,45.0,-76.0
42360,-263.0,3.0,1.0,-24.0,11.0,-144.0
42400,-257.0,-101.0,-6.0,11.0,53.0,21.0
42440,-301.0,36.0,85.0,-9.0,80.0,-41.0
42480,-312.0,-89.0,-1.0,1.0,94.0,-14.0
42520,-276.0,-15.0,127.0,34.0,110.0,-153.0
42560,-269.0,35.0,103.0,12.0,32.0,13.0
42600,-231.0,-102.0,-52.0,-28.0,-10.0,-17.0
42640,-232.0,-81.0,113.0,-59.0,-17.0,-7.0
42680,-274.0,63.0,61.0,-74.0,-17.0,133.0
42720,-270.0,-123.0,-96.0,-12.0,82.0,-111.0
42760,-281.0,127.0,109.0,50.0,116.0,63.0
42800,-211.0,16.0,66.0,68.0,96.0,25.0
42840,-169.0,-46.0,6.0,26.0,75.0,27.0
42880,-175.0,29.0,111.0,16.0,14.0,27.0
42920,-172.0,8.0,-11.0,43.0,-8.0,-40.0
42960,-116.0,-18.0,-40.0,68.0,24.0,-86.0
43000,-125.0,90.0,-22.0,62.0,-3.0,3.0
43040,-63.0,-84.0,-82.0,35.0,24.0,-118.0
43080,-83.0,-29.0,-26.0,11.0,47.0,-21.0
43120,-104.0,33.0,9.0,21.0,1.0,-21.0
43160,-77.0,-61.0,-78.0,62.0,-28.0,17.0
43200,-34.0,-9.0,49.0,68.0,-89.0,4.0
43240,-24.0,113.0,-26.0,35.0,-99.0,54.0
43280,7.0,-122.0,-112.0,72.0,-19.0,-59.0
43320,-32.0,151.0,77.0,74.0,16.0,118.0
43360,-11.0,-52.0,-76.0,42.0,26.0,17.0
43400,1.0,-41.0,-21.0,-1.0,17.0,146.0
43440,5.0,113.0,68.0,-19.0,-30.0,43.0
43480,46.0,-53.0,-129.0,34.0,-27.0,-5.0
43520,36.0,20.0,-13.0,93.0,-1.0,32.0
43560,4.0,82.0,7.0,42.0,0.0,100.0
43600,40.0,-112.0,-147.0,-26.0,36.0,14.0
43640,33.0,68.0,25.0,-53.0,33.0,82.0
43680,52.0,90.0,-21.0,2.0,-29.0,3.0
43720,97.0,-33.0,-43.0,98.0,-36.0,43.0
43760,78.0,142.0,67.0,77.0,-62.0,139.0
43800,76.0,69.0,-77.0,24.0,-46.0,114.0
43840,60.0,47.0,-40.0,22.0,14.0,96.0
43880,41.0,199.0,93.0,48.0,22.0,143.0
43920,78.0,41.0,-105.0,84.0,47.0,86.0
43960,90.0,45.0,22.0,60.0,66.0,126.0
44000,54.0,251.0,95.0,23.0,43.0,102.0
44040,59.0,-64.0,-124.0,6.0,36.0,128.0
44080,22.0,203.0,60.0,-23.0,13.0,172.0
44120,8.0,70.0,0.0,-46.0,-4.0,124.0
44160,12.0,60.0,-5.0,-23.0,21.0,60.0
44200,-33.0,179.0,72.0,-11.0,3.0,83.0
44240,-26.0,85.0,7.0,-5.0,-22.0,108.0
44280,-26.0,-27.0,67.0,-14.0,-24.0,117.0
44320,-82.0,190.0,138.0,-73.0,-64.0,168.0
44360,-76.0,44.0,-29.0,-51.0,-44.0,36.0
44400,-83.0,101.0,74.0,12.0,-9.0,43.0
44440,-88.0,143.0,106.0,44.0,-25.0,91.0
44480,-53.0,-43.0,8.0,21.0,-24.0,97.0
44520,-77.0,18.0,113.0,-57.0,-45.0,135.0
44560,-123.0,113.0,95.0,-84.0,-83.0,47.0
44600,-110.0,-74.0,5.0,-7.0,-74.0,-27.0
44640,-115.0,96.0,167.0,36.0,-77.0,52.0
44680,-87.0,12.0,40.0,23.0,-70.0,-6.0
44720,-52.0,-88.0,17.0,-23.0,-43.0,-23.0
44760,-90.0,68.0,124.0,-61.0,-91.0,33.0
44800,-81.0,-103.0,-10.0,-61.0,-118.0,11.0
44840,-88.0,-88.0,60.0,-44.0,-134.0,60.0
44880,-105.0,97.0,133.0,-53.0,-156.0,35.0
44920,-79.0,-89.0,-20.0,-34.0,-119.0,-40.0
44960,-97.0,16.0,108.0,-10.0,-107.0,-24.0
45000,-104.0,54.0,69.0,1.0,-122.0,-25.0
45040,-67.0,-154.0,-17.0,-21.0,-140.0,5.0
45080,-88.0,37.0,124.0,-77.0,-209.0,80.0
45120,-68.0,-32.0,-6.0,-107.0,-255.0,32.0
45160,-38.0,-97.0,-16.0,-56.0,-221.0,-67.0
45200,-76.0,67.0,111.0,4.0,-177.0,-52.0
45240,-80.0,-34.0,-35.0,36.0,-107.0,-114.0
45280,-64.0,-109.0,8.0,10.0,-81.0,-44.0
45320,-80.0,70.0,65.0,-59.0,-154.0,6.0
45360,-28.0,-167.0,-78.0,-48.0,-191.0,-98.0
45400,-22.0,-36.0,57.0,-1.0,-207.0,-93.0
45440,-29.0,-27.0,14.0,17.0,-231.0,16.0
45480,-43.0,-189.0,-93.0,20.0,-200.0,-119.0
45520,-78.0,10.0,121.0,24.0,-206.0,-47.0
45560,-68.0,-45.0,26.0,-1.0,-184.0,-98.0
45600,-15.0,-168.0,-44.0,15.0,-127.0,-90.0
45640,-39.0,-64.0,126.0,63.0,-108.0,-184.0
45680,-36.0,-142.0,-10.0,61.0,-142.0,-86.0
45720,-18.0,-256.0,-51.0,-59.0,-218.0,103.0
45760,-55.0,-26.0,67.0,-189.0,-268.0,96.0
45800,-31.0,-165.0,-27.0,-171.0,-239.0,-91.0
45840,-49.0,-17.0,76.0,-47.0,-187.0,-106.0
45880,-53.0,40.0,50.0,53.0,-146.0,-101.0
45920,-11.0,-187.0,-14.0,68.0,-109.0,-97.0
45960,-12.0,-21.0,153.0,-30.0,-165.0,-19.0
46000,-32.0,-27.0,-69.0,-91.0,-242.0,-52.0
46040,-3.0,-145.0,-123.0,-38.0,-240.0,-108.0
46080,-32.0,21.0,60.0,51.0,-242.0,-152.0
46120,-6.0,-90.0,-87.0,117.0,-225.0,-209.0
46160,13.0,-166.0,-104.0,85.0,-210.0,-265.0
46200,-25.0,-19.0,38.0,-8.0,-254.0,-119.0
46240,11.0,-224.0,-92.0,-85.0,-278.0,-116.0
46280,6.0,-95.0,-22.0,-111.0,-298.0,-11.0
46320,-19.0,-12.0,-18.0,-15.0,-302.0,-90.0
46360,-9.0,-84.0,-123.0,76.0,-271.0,-200.0
46400,-1.0,-21.0,50.0,61.0,-260.0,-14.0
46440,-7.0,-18.0,0.0,-10.0,-252.0,49.0
46480,21.0,-197.0,-35.0,-65.0,-221.0,-67.0
46520,-26.0,86.0,100.0,-51.0,-237.0,-69.0
46560,13.0,-123.0,-98.0,33.0,-244.0,-187.0
46600,17.0,-105.0,-72.0,68.0,-249.0,-82.0
46640,-22.0,-46.0,-27.0,-17.0,-356.0,96.0
46680,-33.0,-121.0,-173.0,-143.0,-381.0,-16.0
46720,-35.0,-144.0,-47.0,-183.0,-358.0,49.0
46760,-74.0,41.0,28.0,-113.0,-346.0,18.0
46800,-35.0,-148.0,-118.0,51.0,-281.0,-98.0
46840,-58.0,31.0,38.0,106.0,-238.0,-36.0
46880,-77.0,26.0,-9.0,37.0,-192.0,2.0
46920,-72.0,-6.0,-102.0,-26.0,-121.0,80.0
46960,-69.0,114.0,51.0,-23.0,-112.0,63.0
47000,-70.0,-26.0,-48.0,76.0,-109.0,-21.0
47040,-98.0,-70.0,-136.0,172.0,-118.0,44.0
47080,-79.0,138.0,58.0,105.0,-151.0,44.0
47120,1.0,-53.0,-149.0,-46.0,-151.0,83.0
47160,33.0,-74.0,-94.0,-152.0,-120.0,32.0
47200,-51.0,146.0,4.0,-155.0,-56.0,-1.0
47240,-30.0,-118.0,-155.0,-3.0,33.0,-106.0
47280,-77.0,72.0,-39.0,99.0,19.0,-10.0
47320,-42.0,80.0,-29.0,52.0,-52.0,14.0
47360,52.0,-44.0,-111.0,-46.0,-63.0,53.0
47400,47.0,-4.0,-79.0,-72.0,-29.0,0.0
47440,-2.0,113.0,-44.0,21.0,50.0,-170.0
47480,-3.0,-68.0,-62.0,94.0,139.0,-168.0
47520,-41.0,82.0,-128.0,31.0,128.0,7.0
47560,-33.0,-141.0,-247.0,-111.0,86.0,71.0
47600,-13.0,-73.0,-69.0,-194.0,55.0,119.0
47640,-7.0,75.0,-63.0,-121.0,32.0,77.0
47680,5.0,-1.0,-131.0,34.0,106.0,-61.0
47720,-12.0,-13.0,22.0,110.0,193.0,-26.0
47760,-24.0,8.0,-50.0,73.0,255.0,18.0
47800,-32.0,-53.0,-119.0,23.0,316.0,-8.0
47840,-36.0,95.0,86.0,-32.0,281.0,76.0
47880,37.0,37.0,-40.0,-11.0,220.0,-12.0
47920,95.0,-42.0,-91.0,22.0,188.0,-85.0
47960,49.0,55.0,-18.0,-4.0,146.0,-71.0
48000,21.0,-31.0,-160.0,-22.0,170.0,-37.0
48040,4.0,22.0,-121.0,4.0,226.0,-52.0
48080,9.0,48.0,-53.0,3.0,235.0,10.0
48120,47.0,-78.0,-172.0,-14.0,259.0,-73.0
48160,19.0,-79.0,-77.0,-64.0,263.0,-26.0
48200,-52.0,32.0,-41.0,-82.0,253.0,-15.0
48240,-81.0,-108.0,-168.0,-23.0,300.0,-15.0
48280,-136.0,126.0,42.0,54.0,305.0,51.0
48320,-142.0,59.0,22.0,88.0,275.0,27.0
48360,-121.0,-24.0,-19.0,66.0,257.0,47.0
48400,-176.0,130.0,85.0,-12.0,221.0,-17.0
48440,-208.0,26.0,6.0,-32.0,233.0,-28.0
48480,-242.0,-13.0,35.0,-5.0,251.0,107.0
48520,-254.0,143.0,88.0,-28.0,240.0,125.0
48560,-236.0,-48.0,-51.0,-22.0,246.0,41.0
48600,-285.0,35.0,65.0,28.0,250.0,-89.0
48640,-335.0,144.0,110.0,44.0,236.0,-19.0
48680,-312.0,-68.0,-18.0,47.0,260.0,-33.0
48720,-330.0,18.0,134.0,32.0,258.0,-75.0
48760,-356.0,130.0,76.0,20.0,208.0,-111.0
48800,-317.0,-100.0,-42.0,29.0,171.0,-26.0
48840,-353.0,168.0,92.0,19.0,128.0,-60.0
48880,-333.0,-73.0,-45.0,2.0,107.0,-16.0
48920,-324.0,-36.0,51.0,-24.0,143.0,-38.0
48960,-365.0,14.0,62.0,-31.0,146.0,94.0
49000,-381.0,-14.0,-8.0,5.0,170.0,-72.0
49040,-375.0,-75.0,107.0,13.0,127.0,-21.0
49080,-396.0,114.0,79.0,-55.0,35.0,35.0
49120,-357.0,-109.0,-52.0,-70.0,47.0,-124.0
49160,-380.0,102.0,181.0,-22.0,33.0,-8.0
49200,-381.0,42.0,128.0,50.0,-1.0,-12.0
49240,-386.0,-44.0,43.0,46.0,-12.0,64.0
49280,-391.0,89.0,159.0,-48.0,-82.0,118.0
49320,-351.0,42.0,77.0,-93.0,-121.0,29.0
49360,-328.0,6.0,56.0,-18.0,-85.0,-45.0
49400,-372.0,132.0,160.0,50.0,-64.0,-9.0
49440,-371.0,-9.0,25.0,64.0,-53.0,27.0
49480,-339.0,-5.0,87.0,-36.0,-81.0,154.0
49520,-339.0,154.0,60.0,-141.0,-153.0,87.0
49560,-272.0,-24.0,-49.0,-81.0,-174.0,8.0
49600,-274.0,132.0,136.0,20.0,-199.0,1.0
49640,-274.0,93.0,33.0,38.0,-235.0,165.0
49680,-215.0,-19.0,-36.0,-9.0,-235.0,90.0
49720,-215.0,114.0,124.0,-113.0,-263.0,120.0
49760,-185.0,114.0,20.0,-116.0,-262.0,92.0
49800,-130.0,-21.0,-12.0,-47.0,-225.0,149.0
49840,-148.0,169.0,144.0,-29.0,-241.0,251.0
49880,-154.0,19.0,-12.0,-28.0,-252.0,123.0
49920,-134.0,131.0,49.0,-26.0,-264.0,165.0
49960,-125.0,208.0,37.0,-37.0,-273.0,179.0
50000,-68.0,-11.0,-52.0,-33.0,-245.0,84.0
50040,-68.0,137.0,127.0,-35.0,-261.0,158.0
50080,-70.0,127.0,26.0,-46.0,-304.0,110.0
50120,-53.0,-3.0,-98.0,-54.0,-287.0,129.0
50160,-69.0,92.0,46.0,-81.0,-280.0,152.0
50200,-85.0,34.0,-77.0,-99.0,-242.0,94.0
50240,-65.0,8.0,-59.0,-84.0,-180.0,65.0
50280,-74.0,126.0,36.0,-65.0,-214.0,109.0
50320,-3.0,-27.0,-50.0,-32.0,-245.0,-18.0
50360,21.0,-47.0,-1.0,-36.0,-259.0,-11.0
50400,-15.0,108.0,4.0,-56.0,-260.0,-27.0
50440,6.0,-64.0,-141.0,-53.0,-203.0,-49.0
50480,34.0,-40.0,36.0,-61.0,-176.0,13.0
50520,36.0,-8.0,-8.0,-75.0,-202.0,23.0
50560,82.0,-128.0,-211.0,-81.0,-199.0,-30.0
50600,87.0,16.0,-24.0,-65.0,-199.0,-78.0
50640,96.0,-36.0,-59.0,-20.0,-192.0,-42.0
50680,136.0,-162.0,-156.0,-4.0,-178.0,-70.0
50720,129.0,18.0,-55.0,-60.0,-212.0,53.0
50760,140.0,-88.0,-201.0,-95.0,-153.0,-77.0
50800,138.0,-50.0,-117.0,-82.0,-71.0,-85.0
50840,122.0,41.0,-112.0,-23.0,-71.0,-89.0
50880,182.0,-138.0,-200.0,28.0,-92.0,-108.0
50920,205.0,-28.0,-46.0,-21.0,-159.0,-17.0
50960,196.0,-32.0,-161.0,-104.0,-214.0,-28.0
51000,209.0,-159.0,-204.0,-122.0,-176.0,-87.0
51040,174.0,-42.0,-24.0,-101.0,-133.0,-43.0
51080,167.0,6.0,-134.0,-60.0,-104.0,-122.0
51120,227.0,-198.0,-159.0,-32.0,-84.0,-86.0
51160,177.0,-22.0,-50.0,-58.0,-118.0,-56.0
51200,210.0,-168.0,-125.0,-71.0,-130.0,-72.0
51240,231.0,21.0,-86.0,-44.0,-103.0,-74.0
51280,238.0,-86.0,-105.0,-37.0,-105.0,-31.0
51320,215.0,-49.0,-77.0,-10.0,-69.0,-77.0
51360,207.0,-67.0,-74.0,24.0,-30.0,-73.0
51400,173.0,75.0,-156.0,8.0,-104.0,92.0
51440,221.0,-55.0,-202.0,-80.0,-119.0,173.0
51480,271.0,-62.0,-52.0,-132.0,-138.0,-143.0
51520,264.0,91.0,-105.0,-61.0,-148.0,-51.0
51560,223.0,-54.0,-207.0,54.0,-89.0,-139.0
51600,201.0,101.0,-42.0,42.0,-67.0,215.0
51640,255.0,-61.0,-145.0,-30.0,-40.0,172.0
51680,225.0,-2.0,-122.0,-64.0,-57.0,-98.0
51720,204.0,161.0,-62.0,-23.0,-110.0,40.0
51760,240.0,-127.0,-198.0,40.0,-109.0,-45.0
51800,222.0,6.0,-2.0,93.0,-91.0,-56.0
51840,156.0,117.0,-75.0,32.0,-80.0,-97.0
51880,185.0,-101.0,-218.0,-33.0,-53.0,-156.0
51920,146.0,33.0,-54.0,-38.0,-93.0,55.0
51960,134.0,10.0,-35.0,-70.0,-99.0,-58.0
52000,142.0,-55.0,-129.0,-20.0,-64.0,26.0
52040,82.0,38.0,-74.0,-9.0,-55.0,45.0
52080,28.0,-33.0,-73.0,0.0,-31.0,-107.0
52120,21.0,-69.0,-31.0,20.0,-35.0,-34.0
52160,22.0,58.0,-85.0,-40.0,-80.0,-63.0
52200,21.0,-99.0,-161.0,-26.0,-84.0,-35.0
52240,2.0,-91.0,-24.0,-19.0,-86.0,-13.0
52280,-37.0,70.0,21.0,-65.0,-105.0,-107.0
52320,-28.0,-144.0,-152.0,-16.0,-117.0,-1.0
52360,-48.0,4.0,15.0,-65.0,-152.0,19.0
52400,-74.0,55.0,21.0,-3.0,-165.0,-139.0
52440,-93.0,-12.0,-86.0,63.0,-143.0,21.0
52480,-126.0,-17.0,-43.0,71.0,-165.0,121.0
52520,-153.0,-59.0,-12.0,65.0,-103.0,14.0
52560,-191.0,-91.0,36.0,44.0,-38.0,-105.0
52600,-248.0,88.0,61.0,-22.0,-86.0,47.0
52640,-233.0,-117.0,-63.0,19.0,-82.0,39.0
52680,-255.0,21.0,126.0,35.0,-125.0,-164.0
52720,-282.0,122.0,62.0,41.0,-198.0,31.0
52760,-268.0,-77.0,-99.0,44.0,-171.0,20.0
52800,-342.0,-19.0,70.0,7.0,-147.0,38.0
52840,-381.0,50.0,92.0,-23.0,-170.0,46.0
52880,-353.0,-152.0,-62.0,-60.0,-158.0,-127.0
52920,-346.0,90.0,71.0,-55.0,-169.0,138.0
52960,-324.0,-69.0,-10.0,-26.0,-161.0,48.0
53000,-345.0,-28.0,65.0,7.0,-155.0,-3.0
53040,-421.0,78.0,87.0,-13.0,-143.0,9.0
53080,-404.0,28.0,15.0,17.0,-63.0,-58.0
53120,-364.0,-106.0,77.0,80.0,-97.0,-26.0
53160,-394.0,184.0,133.0,64.0,-161.0,1.0
53200,-350.0,-131.0,-46.0,38.0,-176.0,15.0
53240,-374.0,75.0,102.0,-7.0,-202.0,177.0
53280,-388.0,34.0,39.0,5.0,-200.0,39.0
53320,-397.0,-76.0,10.0,63.0,-159.0,-60.0
53360,-396.0,56.0,140.0,91.0,-145.0,38.0
53400,-394.0,-4.0,14.0,55.0,-126.0,-29.0
53440,-366.0,-90.0,32.0,-10.0,-105.0,111.0
53480,-400.0,34.0,143.0,9.0,-158.0,-55.0
53520,-405.0,79.0,-26.0,67.0,-182.0,-71.0
53560,-401.0,-140.0,-8.0,67.0,-179.0,-42.0
53600,-440.0,164.0,176.0,25.0,-166.0,-21.0
53640,-384.0,-182.0,-59.0,26.0,-134.0,-66.0
53680,-391.0,109.0,133.0,-52.0,-141.0,44.0
53720,-396.0,-81.0,5.0,-100.0,-157.0,26.0
53760,-399.0,-26.0,27.0,-37.0,-125.0,-74.0
53800,-433.0,41.0,80.0,7.0,-154.0,-24.0
53840,-435.0,82.0,-31.0,20.0,-126.0,-69.0
53880,-405.0,-68.0,-12.0,-25.0,-44.0,44.0
53920,-415.0,98.0,203.0,-64.0,-40.0,83.0
53960,-398.0,-13.0,-26.0,-48.0,-35.0,18.0
54000,-372.0,17.0,9.0,-38.0,-30.0,-15.0
54040,-377.0,122.0,131.0,-16.0,-66.0,67.0
54080,-342.0,-34.0,-9.0,-1.0,-36.0,8.0
54120,-345.0,99.0,44.0,-23.0,-18.0,42.0
54160,-352.0,64.0,38.0,-47.0,-9.0,38.0
54200,-326.0,27.0,4.0,-16.0,39.0,21.0
54240,-329.0,81.0,62.0,-18.0,65.0,55.0
54280,-317.0,107.0,-13.0,-48.0,68.0,132.0
54320,-289.0,-56.0,-30.0,-76.0,66.0,123.0
54360,-322.0,205.0,76.0,-122.0,64.0,109.0
54400,-294.0,27.0,-61.0,-83.0,109.0,35.0
54440,-271.0,90.0,33.0,-4.0,172.0,1.0
54480,-277.0,149.0,54.0,5.0,173.0,7.0
54520,-238.0,31.0,-58.0,-36.0,159.0,134.0
54560,-233.0,0.0,33.0,-153.0,137.0,172.0
54600,-258.0,152.0,22.0,-224.0,90.0,109.0
54640,-211.0,-41.0,-104.0,-183.0,83.0,108.0
54680,-194.0,228.0,101.0,-96.0,84.0,149.0
54720,-150.0,80.0,-47.0,-7.0,119.0,23.0
54760,-118.0,63.0,-10.0,-3.0,178.0,50.0
54800,-132.0,61.0,58.0,-88.0,167.0,146.0
54840,-122.0,91.0,-114.0,-105.0,155.0,69.0
54880,-54.0,2.0,-105.0,-85.0,147.0,20.0
54920,-42.0,215.0,-1.0,-30.0,143.0,-39.0
54960,12.0,-24.0,-239.0,18.0,186.0,5.0
55000,4.0,38.0,-76.0,-39.0,228.0,-44.0
55040,20.0,72.0,-73.0,-142.0,168.0,90.0
55080,58.0,-118.0,-222.0,-145.0,150.0,-23.0
55120,74.0,86.0,-30.0,-69.0,86.0,-67.0
55160,96.0,-22.0,-133.0,-34.0,7.0,9.0
55200,132.0,2.0,-195.0,-50.0,44.0,-23.0
55240,114.0,22.0,-95.0,-77.0,43.0,-12.0
55280,126.0,-17.0,-103.0,-101.0,80.0,41.0
55320,152.0,-127.0,-96.0,-118.0,117.0,2.0
55360,125.0,77.0,-34.0,-87.0,87.0,29.0
55400,174.0,-92.0,-173.0,-62.0,77.0,-72.0
55440,176.0,-25.0,-63.0,-85.0,30.0,-25.0
55480,160.0,97.0,-96.0,-107.0,9.0,9.0
55520,165.0,-151.0,-215.0,-91.0,37.0,-121.0
55560,134.0,71.0,6.0,-66.0,19.0,-10.0
55600,118.0,-71.0,-123.0,-56.0,2.0,-58.0
55640,156.0,-39.0,-114.0,-51.0,18.0,22.0
55680,172.0,-4.0,-33.0,-64.0,10.0,-30.0
55720,189.0,34.0,-89.0,-62.0,-5.0,-51.0
55760,195.0,-77.0,-119.0,11.0,-8.0,-17.0
55800,135.0,95.0,-46.0,23.0,-38.0,-42.0
55840,157.0,-97.0,-135.0,3.0,-7.0,-95.0
55880,165.0,-37.0,-8.0,-51.0,-11.0,73.0
55920,159.0,-14.0,-74.0,-100.0,-71.0,50.0
55960,186.0,-51.0,-119.0,-81.0,-77.0,-44.0
56000,184.0,-42.0,13.0,-70.0,-71.0,-37.0
56040,151.0,51.0,-19.0,-40.0,-68.0,-75.0
56080,145.0,-176.0,-155.0,-28.0,-52.0,-49.0
56120,117.0,82.0,87.0,-82.0,-90.0,5.0
56160,132.0,-135.0,-74.0,-81.0,-103.0,-65.0
56200,107.0,-56.0,-39.0,-54.0,-86.0,-60.0
56240,47.0,5.0,32.0,-24.0,-111.0,-63.0
56280,43.0,-88.0,-44.0,17.0,-119.0,-24.0
56320,34.0,-89.0,-10.0,-21.0,-120.0,13.0
56360,-3.0,-5.0,44.0,-108.0,-148.0,102.0
56400,20.0,-111.0,-53.0,-97.0,-124.0,-17.0
56440,5.0,0.0,86.0,-40.0,-134.0,-38.0
56480,-18.0,0.0,31.0,42.0,-175.0,-97.0
56520,-2.0,-147.0,16.0,110.0,-152.0,-72.0
56560,-27.0,38.0,128.0,73.0,-165.0,-68.0
56600,-7.0,-112.0,-2.0,-6.0,-176.0,12.0
56640,-6.0,-162.0,-29.0,-76.0,-180.0,-50.0
56680,-27.0,42.0,129.0,-84.0,-222.0,12.0
56720,-17.0,-44.0,12.0,67.0,-204.0,-236.0
56760,3.0,-83.0,58.0,44.0,-221.0,-31.0
56800,-35.0,-16.0,61.0,-58.0,-270.0,-84.0
56840,-27.0,-84.0,19.0,-80.0,-270.0,-70.0
56880,-55.0,23.0,63.0,-34.0,-230.0,36.0
56920,-62.0,16.0,-14.0,56.0,-215.0,-25.0
56960,-46.0,-194.0,-38.0,75.0,-209.0,43.0
57000,-76.0,133.0,154.0,22.0,-270.0,104.0
57040,-38.0,-61.0,-79.0,-51.0,-319.0,63.0
57080,-8.0,-14.0,31.0,-38.0,-323.0,61.0
57120,-21.0,-26.0,157.0,32.0,-340.0,-52.0
57160,-39.0,95.0,2.0,122.0,-287.0,11.0
57200,-20.0,-63.0,-31.0,101.0,-285.0,77.0
57240,-47.0,74.0,102.0,23.0,-296.0,9.0
57280,21.0,-100.0,-11.0,-22.0,-275.0,35.0
57320,19.0,20.0,90.0,-38.0,-310.0,133.0
57360,12.0,69.0,91.0,44.0,-313.0,63.0
57400,23.0,-83.0,10.0,150.0,-267.0,-58.0
57440,18.0,148.0,164.0,146.0,-268.0,-19.0
57480,27.0,-21.0,-4.0,93.0,-276.0,-44.0
57520,46.0,-8.0,-27.0,21.0,-283.0,74.0
57560,23.0,33.0,80.0,-3.0,-325.0,1.0
57600,5.0,5.0,-43.0,45.0,-311.0,-22.0
57640,20.0,-97.0,-58.0,86.0,-252.0,-27.0
57680,-22.0,85.0,56.0,48.0,-248.0,166.0
57720,16.0,-142.0,-58.0,4.0,-226.0,6.0
57760,-24.0,16.0,37.0,-30.0,-234.0,-45.0
57800,-18.0,41.0,8.0,33.0,-260.0,-82.0
57840,-17.0,-101.0,-46.0,71.0,-239.0,-53.0
57880,-35.0,69.0,108.0,40.0,-253.0,23.0
57920,-75.0,3.0,-17.0,5.0,-240.0,38.0
57960,-53.0,-22.0,30.0,8.0,-172.0,-22.0
58000,-91.0,45.0,95.0,25.0,-157.0,39.0
58040,-84.0,-18.0,4.0,20.0,-138.0,-38.0
58080,-61.0,-117.0,29.0,6.0,-126.0,38.0
58120,-98.0,119.0,87.0,-20.0,-130.0,25.0
58160,-97.0,-122.0,-82.0,-27.0,-86.0,-149.0
58200,-127.0,64.0,106.0,12.0,-68.0,-169.0
58240,-157.0,-46.0,-1.0,35.0,-69.0,-118.0
58280,-139.0,1.0,-41.0,30.0,-54.0,-98.0
58320,-140.0,-55.0,35.0,-4.0,-32.0,6.0
58360,-156.0,35.0,28.0,-41.0,0.0,-3.0
58400,-137.0,-160.0,-64.0,-45.0,7.0,-28.0
58440,-163.0,48.0,51.0,-74.0,-48.0,6.0
58480,-156.0,-72.0,-82.0,-71.0,-47.0,-120.0
58520,-146.0,-31.0,19.0,-89.0,-8.0,-26.0
58560,-185.0,60.0,72.0,-72.0,-1.0,50.0
58600,-188.0,-40.0,-40.0,-43.0,41.0,-56.0
58640,-191.0,20.0,62.0,-72.0,60.0,98.0
58680,-209.0,35.0,60.0,-144.0,69.0,85.0
58720,-185.0,-4.0,-31.0,-82.0,96.0,37.0
58760,-166.0,31.0,81.0,-16.0,61.0,57.0
58800,-160.0,86.0,27.0,-53.0,42.0,-31.0
58840,-133.0,-67.0,-72.0,-46.0,36.0,-60.0
58880,-185.0,157.0,40.0,-29.0,76.0,-6.0
58920,-167.0,-11.0,-107.0,8.0,80.0,-25.0
58960,-135.0,50.0,-57.0,-28.0,94.0,21.0
59000,-129.0,41.0,-73.0,-99.0,84.0,167.0
59040,-103.0,-33.0,-161.0,-130.0,90.0,-115.0
59080,-79.0,-22.0,-104.0,-192.0,10.0,517.0
59120,-85.0,172.0,-95.0,-114.0,69.0,-260.0
59160,-42.0,-18.0,-158.0,53.0,129.0,16.0
59200,-54.0,222.0,29.0,143.0,95.0,-418.0
59240,-14.0,-130.0,-235.0,-46.0,137.0,687.0
59280,-14.0,-19.0,-196.0,-160.0,190.0,-312.0
59320,-55.0,101.0,-85.0,-105.0,158.0,237.0
59360,-32.0,-4.0,-117.0,-75.0,83.0,14.0
59400,-18.0,-88.0,-276.0,-86.0,108.0,-26.0
59440,-6.0,-9.0,-106.0,-136.0,129.0,41.0
59480,14.0,76.0,-44.0,-56.0,77.0,-393.0
59520,32.0,9.0,-249.0,-94.0,122.0,21.0
59560,20.0,111.0,-267.0,-18.0,85.0,-113.0
59600,65.0,-156.0,-190.0,-39.0,121.0,-150.0
59640,-1.0,-8.0,-120.0,-60.0,148.0,75.0
59680,-34.0,199.0,-296.0,-63.0,160.0,3.0
59720,66.0,-157.0,-327.0,-48.0,234.0,190.0
59760,86.0,137.0,69.0,-34.0,141.0,-165.0
59800,60.0,1.0,-283.0,-76.0,125.0,-54.0
59840,85.0,41.0,-305.0,-81.0,83.0,63.0
59880,69.0,-22.0,-98.0,-44.0,48.0,98.0
59920,53.0,40.0,-141.0,-68.0,49.0,33.0
59960,90.0,2.0,-211.0,-100.0,29.0,146.0
60000,94.0,54.0,-150.0,-125.0,61.0,215.0
60040,80.0,58.0,-119.0,-71.0,128.0,25.0
60080,80.0,160.0,-74.0,-11.0,160.0,91.0
60120,113.0,61.0,-170.0,-4.0,122.0,119.0
60160,84.0,39.0,-166.0,-44.0,42.0,140.0
60200,50.0,76.0,-30.0,-68.0,-15.0,66.0
60240,80.0,180.0,-109.0,-31.0,-52.0,52.0
60280,96.0,-53.0,-226.0,-7.0,-57.0,135.0
60320,-6.0,273.0,55.0,-102.0,-60.0,252.0
60360,5.0,12.0,-94.0,-184.0,-41.0,245.0
60400,3.0,99.0,-20.0,-122.0,-48.0,183.0
60440,-15.0,194.0,-15.0,-36.0,-62.0,103.0
60480,22.0,-50.0,-94.0,-2.0,-44.0,112.0
60520,23.0,160.0,107.0,-33.0,-52.0,85.0
60560,-34.0,72.0,-2.0,-65.0,-103.0,130.0
60600,-71.0,24.0,-66.0,-54.0,-124.0,161.0
60640,-84.0,114.0,127.0,-52.0,-122.0,139.0
60680,-74.0,49.0,62.0,-32.0,-124.0,127.0
60720,-58.0,39.0,-3.0,-53.0,-127.0,115.0
60760,-84.0,80.0,92.0,-73.0,-165.0,157.0
60800,-95.0,90.0,42.0,-34.0,-184.0,-24.0
60840,-100.0,-54.0,22.0,-2.0,-156.0,83.0
60880,-144.0,244.0,73.0,20.0,-182.0,43.0
60920,-121.0,-108.0,-122.0,35.0,-149.0,-78.0
60960,-172.0,125.0,156.0,37.0,-128.0,5.0
61000,-193.0,35.0,-4.0,0.0,-103.0,46.0
61040,-162.0,-23.0,-115.0,-17.0,-32.0,-14.0
61080,-167.0,33.0,94.0,-29.0,-54.0,-39.0
61120,-176.0,24.0,13.0,13.0,-105.0,-188.0
61160,-135.0,-99.0,-86.0,42.0,-151.0,-188.0
61200,-161.0,37.0,36.0,11.0,-223.0,-26.0
61240,-126.0,-135.0,-8.0,-56.0,-236.0,-99.0
61280,-124.0,-109.0,29.0,-84.0,-196.0,-81.0
61320,-146.0,-9.0,59.0,-48.0,-164.0,-137.0
61360,-153.0,-167.0,-45.0,21.0,-106.0,-99.0
61400,-125.0,-105.0,113.0,11.0,-86.0,-45.0
61440,-114.0,-45.0,61.0,-49.0,-119.0,-58.0
61480,-63.0,-123.0,-45.0,-14.0,-125.0,-171.0
61520,-80.0,-21.0,64.0,47.0,-145.0,-133.0
61560,-81.0,1.0,3.0,103.0,-140.0,-163.0
61600,-60.0,-209.0,-63.0,79.0,-111.0,-126.0
61640,-96.0,56.0,95.0,-44.0,-111.0,98.0
61680,-77.0,-146.0,-107.0,-90.0,-89.0,-57.0
61720,-33.0,-63.0,1.0,-39.0,-76.0,4.0
61760,-22.0,-1.0,62.0,33.0,-137.0,-11.0
61800,-5.0,-101.0,-63.0,6.0,-156.0,15.0
61840,-5.0,-69.0,46.0,-41.0,-150.0,6.0
61880,-42.0,48.0,102.0,-41.0,-154.0,-37.0
61920,-4.0,-80.0,4.0,15.0,-102.0,-26.0
61960,-11.0,33.0,99.0,0.0,-113.0,73.0
62000,8.0,-27.0,85.0,-47.0,-127.0,141.0
62040,24.0,-82.0,59.0,-52.0,-115.0,-12.0
62080,-9.0,64.0,105.0,-60.0,-146.0,111.0
62120,-5.0,-22.0,-11.0,-21.0,-134.0,-1.0
62160,2.0,-102.0,68.0,13.0,-115.0,60.0
62200,-39.0,129.0,147.0,-9.0,-108.0,48.0
62240,-50.0,-47.0,-99.0,-19.0,-70.0,-51.0
62280,-54.0,-1.0,96.0,4.0,-65.0,17.0
62320,-95.0,56.0,100.0,-24.0,-94.0,55.0
62360,-64.0,-121.0,-68.0,-47.0,-77.0,54.0
62400,-103.0,48.0,64.0,-24.0,-61.0,-6.0
62440,-126.0,15.0,58.0,42.0,-48.0,-91.0
62480,-103.0,-66.0,-19.0,86.0,-30.0,-125.0
62520,-87.0,25.0,83.0,36.0,-85.0,-1.0
62560,-108.0,-55.0,-44.0,-25.0,-128.0,-62.0
62600,-106.0,-106.0,31.0,-49.0,-133.0,-65.0
62640,-165.0,61.0,61.0,-39.0,-134.0,-60.0
62680,-149.0,-174.0,-72.0,17.0,-79.0,-147.0
62720,-162.0,-39.0,72.0,4.0,-25.0,-79.0
62760,-163.0,-46.0,32.0,-31.0,-21.0,-126.0
62800,-154.0,-80.0,-65.0,1.0,-31.0,-188.0
62840,-167.0,-96.0,64.0,-14.0,-68.0,-140.0
62880,-237.0,4.0,25.0,11.0,-107.0,-86.0
62920,-220.0,-196.0,-100.0,29.0,-70.0,-231.0
62960,-259.0,69.0,73.0,-8.0,-104.0,-83.0
63000,-230.0,-81.0,-94.0,-36.0,-133.0,-16.0
63040,-219.0,-85.0,-44.0,-41.0,-106.0,-68.0
63080,-243.0,51.0,58.0,-38.0,-143.0,-58.0
63120,-238.0,-76.0,-79.0,-10.0,-130.0,-91.0
63160,-214.0,5.0,17.0,-14.0,-115.0,-13.0
63200,-212.0,27.0,35.0,-11.0,-140.0,-37.0
63240,-156.0,-73.0,-89.0,-3.0,-139.0,-115.0
63280,-169.0,-19.0,-3.0,-35.0,-144.0,-18.0
63320,-185.0,36.0,1.0,-53.0,-139.0,-7.0
63360,-163.0,-131.0,-30.0,-40.0,-114.0,-40.0
63400,-166.0,120.0,118.0,-24.0,-157.0,7.0
63440,-134.0,-39.0,-55.0,-38.0,-180.0,1.0
63480,-91.0,-24.0,48.0,-47.0,-185.0,51.0
63520,-108.0,116.0,118.0,-63.0,-234.0,79.0
63560,-82.0,7.0,-53.0,-62.0,-244.0,93.0
63600,-86.0,32.0,8.0,-27.0,-220.0,67.0
63640,-110.0,136.0,65.0,-17.0,-207.0,147.0
63680,-66.0,-68.0,-35.0,-9.0,-159.0,99.0
63720,-87.0,93.0,54.0,-50.0,-166.0,233.0
63760,-104.0,92.0,-1.0,-79.0,-168.0,125.0
63800,-51.0,49.0,-26.0,-48.0,-159.0,57.0
63840,-28.0,44.0,63.0,-15.0,-198.0,163.0
63880,-46.0,63.0,-42.0,-15.0,-231.0,123.0
63920,-19.0,-55.0,-18.0,-52.0,-213.0,149.0
63960,-33.0,175.0,87.0,-89.0,-218.0,147.0
64000,5.0,-19.0,-96.0,-71.0,-201.0,81.0
64040,15.0,36.0,20.0,-39.0,-178.0,115.0
64080,9.0,91.0,78.0,-49.0,-179.0,98.0
64120,11.0,-32.0,-106.0,-26.0,-109.0,3.0
64160,-31.0,44.0,25.0,8.0,-81.0,-7.0
64200,-48.0,57.0,10.0,-9.0,-114.0,65.0
64240,5.0,-76.0,-128.0,-42.0,-130.0,56.0
64280,8.0,52.0,-22.0,-106.0,-176.0,75.0
64320,8.0,21.0,-75.0,-88.0,-194.0,-17.0
64360,0.0,-101.0,-99.0,-42.0,-150.0,-27.0
64400,-55.0,78.0,-7.0,-65.0,-124.0,-7.0
64440,-62.0,-135.0,-137.0,-95.0,-91.0,-19.0
64480,-68.0,-35.0,-53.0,-94.0,-71.0,-37.0
64520,-82.0,1.0,-40.0,-84.0,-107.0,-12.0
64560,-83.0,-91.0,-118.0,-43.0,-84.0,-20.0
64600,-118.0,-90.0,2.0,-21.0,-46.0,-5.0
64640,-171.0,61.0,7.0,-1.0,-20.0,-90.0
64680,-140.0,-192.0,-112.0,39.0,6.0,-119.0
64720,-176.0,17.0,59.0,41.0,-48.0,-72.0
64760,-170.0,-74.0,-59.0,13.0,-106.0,-50.0
64800,-178.0,-138.0,-93.0,-18.0,-105.0,-119.0
64840,-223.0,2.0,1.0,-21.0,-114.0,-65.0
64880,-247.0,-136.0,-98.0,10.0,-70.0,-208.0
64920,-263.0,-134.0,-46.0,34.0,-10.0,-170.0
64960,-289.0,-5.0,28.0,24.0,9.0,-191.0
65000,-265.0,-170.0,-125.0,9.0,33.0,-190.0
65040,-279.0,-131.0,-12.0,-15.0,14.0,-112.0
65080,-314.0,-24.0,3.0,-7.0,-25.0,-155.0
65120,-304.0,-167.0,-130.0,29.0,-18.0,-210.0
65160,-337.0,-39.0,26.0,26.0,-45.0,-124.0
65200,-335.0,-52.0,-5.0,-10.0,-46.0,-143.0
65240,-305.0,-219.0,-46.0,-21.0,-3.0,-202.0
65280,-325.0,43.0,99.0,-28.0,-17.0,-139.0
65320,-288.0,-157.0,-73.0,-8.0,-29.0,-158.0
65360,-274.0,-183.0,-1.0,5.0,-16.0,-140.0
65400,-315.0,-5.0,77.0,-8.0,-39.0,-109.0
65440,-309.0,-163.0,-86.0,16.0,-1.0,-178.0
65480,-315.0,-51.0,4.0,40.0,23.0,-55.0
65520,-303.0,-57.0,40.0,34.0,14.0,-135.0
65560,-257.0,-131.0,-63.0,28.0,4.0,-123.0
65600,-245.0,-28.0,16.0,33.0,-29.0,-74.0
65640,-254.0,26.0,-59.0,50.0,-64.0,-82.0
65680,-213.0,-216.0,-90.0,30.0,-66.0,11.0
65720,-233.0,87.0,30.0,-17.0,-71.0,56.0
65760,-190.0,-71.0,-157.0,-24.0,-42.0,-22.0
65800,-179.0,-81.0,-52.0,13.0,28.0,-65.0
65840,-190.0,64.0,88.0,19.0,7.0,16.0
65880,-166.0,-117.0,-100.0,34.0,34.0,-91.0
65920,-154.0,21.0,-7.0,17.0,23.0,60.0
65960,-160.0,27.0,32.0,-15.0,-47.0,40.0
66000,-133.0,-49.0,-55.0,-14.0,-38.0,18.0
66040,-137.0,25.0,11.0,-21.0,-54.0,45.0
66080,-154.0,122.0,-15.0,-33.0,-92.0,104.0
66120,-111.0,-94.0,-55.0,-30.0,-87.0,89.0
66160,-141.0,130.0,102.0,-62.0,-97.0,211.0
66200,-123.0,76.0,-72.0,-41.0,-80.0,70.0
66240,-116.0,17.0,-92.0,-5.0,-34.0,113.0
66280,-142.0,167.0,70.0,31.0,-25.0,102.0
66320,-129.0,18.0,-99.0,64.0,-5.0,103.0
66360,-116.0,49.0,-46.0,64.0,-5.0,53.0
66400,-142.0,154.0,-7.0,39.0,-42.0,78.0
66440,-102.0,-14.0,-67.0,49.0,-40.0,-8.0
66480,-118.0,50.0,32.0,49.0,-62.0,51.0
66520,-127.0,133.0,-5.0,25.0,-99.0,38.0
66560,-118.0,-69.0,-123.0,13.0,-90.0,57.0
66600,-137.0,164.0,89.0,-9.0,-101.0,74.0
66640,-141.0,23.0,-56.0,-12.0,-78.0,10.0
66680,-136.0,12.0,-42.0,23.0,-42.0,11.0
66720,-169.0,124.0,90.0,25.0,-61.0,52.0
66760,-153.0,18.0,-30.0,23.0,-56.0,3.0
66800,-147.0,25.0,40.0,25.0,-41.0,-9.0
66840,-180.0,151.0,55.0,43.0,-45.0,-16.0
66880,-162.0,-94.0,-92.0,83.0,-32.0,-54.0
66920,-196.0,28.0,61.0,53.0,-66.0,12.0
66960,-202.0,37.0,7.0,1.0,-111.0,16.0
67000,-169.0,-109.0,-100.0,-17.0,-137.0,-24.0
67040,-176.0,58.0,94.0,13.0,-168.0,-56.0
67080,-184.0,4.0,-52.0,41.0,-148.0,-7.0
67120,-158.0,-97.0,-60.0,65.0,-74.0,-206.0
67160,-199.0,89.0,84.0,54.0,-63.0,-38.0
67200,-183.0,-139.0,-89.0,81.0,-58.0,-180.0
67240,-158.0,-39.0,-9.0,17.0,-51.0,-35.0
67280,-159.0,-19.0,-17.0,33.0,-108.0,-47.0
67320,-132.0,-127.0,-53.0,77.0,-124.0,-188.0
67360,-150.0,-78.0,44.0,52.0,-134.0,35.0
67400,-149.0,51.0,37.0,13.0,-179.0,-10.0
67440,-125.0,-160.0,-101.0,-2.0,-152.0,-34.0
67480,-129.0,-30.0,145.0,-51.0,-180.0,30.0
67520,-114.0,-28.0,32.0,-70.0,-207.0,42.0
67560,-61.0,-168.0,-31.0,-23.0,-157.0,-28.0
67600,-72.0,130.0,177.0,-18.0,-139.0,-29.0
67640,-32.0,-113.0,1.0,2.0,-101.0,-39.0
67680,-28.0,-88.0,63.0,8.0,-92.0,49.0
67720,-79.0,68.0,113.0,-24.0,-127.0,40.0
67760,-24.0,-84.0,-20.0,-37.0,-123.0,6.0
67800,3.0,-4.0,123.0,-25.0,-126.0,99.0
67840,-26.0,45.0,41.0,-16.0,-146.0,106.0
67880,21.0,-32.0,-32.0,-29.0,-146.0,78.0
67920,36.0,68.0,137.0,-52.0,-158.0,76.0
67960,44.0,18.0,59.0,-34.0,-174.0,85.0
68000,48.0,20.0,10.0,-2.0,-125.0,23.0
68040,70.0,109.0,101.0,-6.0,-93.0,78.0
68080,115.0,2.0,31.0,-9.0,-48.0,28.0
68120,93.0,-37.0,28.0,10.0,-1.0,38.0
68160,63.0,154.0,91.0,-8.0,9.0,8.0
68200,127.0,-78.0,-74.0,4.0,12.0,6.0
68240,159.0,34.0,52.0,-3.0,7.0,30.0
68280,164.0,122.0,22.0,-53.0,-22.0,34.0
68320,207.0,-76.0,-83.0,-77.0,-51.0,104.0
68360,209.0,122.0,87.0,-89.0,-85.0,40.0
68400,236.0,-50.0,-10.0,-94.0,-88.0,21.0
68440,245.0,-57.0,-31.0,-69.0,-47.0,12.0
68480,207.0,94.0,31.0,-61.0,19.0,12.0
68520,221.0,5.0,-79.0,-43.0,109.0,-40.0
68560,240.0,-116.0,0.0,-5.0,153.0,-16.0
68600,221.0,149.0,72.0,11.0,95.0,17.0
68640,265.0,-157.0,-140.0,8.0,54.0,-91.0
68680,255.0,-22.0,51.0,-27.0,39.0,-51.0
68720,216.0,4.0,19.0,-41.0,14.0,-22.0
68760,197.0,-92.0,-157.0,-23.0,48.0,-107.0
68800,197.0,24.0,-6.0,-12.0,41.0,-42.0
68840,216.0,12.0,-61.0,-18.0,23.0,-88.0
68880,240.0,-109.0,-158.0,-37.0,60.0,0.0
68920,191.0,-25.0,-20.0,-46.0,74.0,-45.0
68960,189.0,-38.0,-53.0,-24.0,116.0,-29.0
69000,180.0,-106.0,-92.0,10.0,166.0,-80.0
69040,160.0,177.0,-32.0,17.0,121.0,21.0
69080,208.0,-149.0,-140.0,38.0,103.0,-80.0
69120,185.0,64.0,37.0,-2.0,61.0,-5.0
69160,175.0,5.0,-56.0,-46.0,15.0,22.0
69200,189.0,-57.0,-107.0,-52.0,42.0,-49.0
69240,181.0,-45.0,36.0,-74.0,32.0,26.0
69280,168.0,96.0,1.0,-63.0,11.0,-8.0
69320,194.0,-116.0,-143.0,-44.0,25.0,19.0
69360,164.0,132.0,108.0,-39.0,32.0,50.0
69400,163.0,-31.0,-20.0,-12.0,50.0,48.0
69440,158.0,-55.0,16.0,27.0,97.0,14.0
69480,104.0,125.0,87.0,52.0,108.0,23.0
69520,129.0,-45.0,-25.0,56.0,122.0,-22.0
69560,123.0,41.0,36.0,35.0,86.0,52.0
69600,124.0,74.0,17.0,1.0,-17.0,28.0
69640,143.0,-69.0,-63.0,-7.0,-42.0,13.0
69680,132.0,5.0,100.0,-38.0,-49.0,58.0
69720,106.0,35.0,-3.0,-46.0,-28.0,37.0
69760,139.0,-102.0,-43.0,-38.0,25.0,42.0
69800,103.0,94.0,95.0,-60.0,2.0,102.0
69840,118.0,-8.0,-39.0,-45.0,-14.0,43.0
69880,126.0,-60.0,-19.0,-18.0,0.0,26.0
69920,104.0,127.0,128.0,7.0,3.0,-5.0
69960,117.0,-51.0,-23.0,42.0,16.0,-8.0
70000,123.0,23.0,81.0,37.0,8.0,1.0
70040,114.0,43.0,101.0,0.0,-40.0,27.0
70080,135.0,-28.0,-47.0,-17.0,-62.0,-49.0
70120,122.0,-43.0,13.0,-16.0,-96.0,6.0
70160,99.0,39.0,46.0,-13.0,-107.0,-17.0
70200,94.0,-214.0,-48.0,6.0,-56.0,-37.0
70240,23.0,116.0,98.0,0.0,-39.0,26.0
70280,21.0,-105.0,-53.0,-10.0,-39.0,-52.0
70320,36.0,-38.0,16.0,-9.0,-64.0,-5.0
70360,28.0,26.0,72.0,6.0,-118.0,-42.0
70400,31.0,-4.0,-50.0,34.0,-116.0,-122.0
70440,12.0,-124.0,35.0,47.0,-92.0,-13.0
70480,-50.0,106.0,124.0,30.0,-96.0,-27.0
70520,-32.0,-163.0,-88.0,17.0,-89.0,-40.0
70560,-37.0,22.0,84.0,0.0,-118.0,-40.0
70600,-31.0,-29.0,35.0,-20.0,-175.0,11.0
70640,0.0,-120.0,3.0,-8.0,-166.0,-25.0
70680,-35.0,22.0,111.0,-11.0,-178.0,45.0
70720,-55.0,-54.0,25.0,-14.0,-148.0,-51.0
70760,-78.0,-104.0,77.0,36.0,-97.0,-72.0
70800,-112.0,55.0,153.0,39.0,-74.0,-84.0
70840,-96.0,-93.0,-24.0,41.0,-112.0,-41.0
70880,-70.0,-28.0,102.0,54.0,-160.0,35.0
70920,-90.0,81.0,123.0,51.0,-188.0,18.0
70960,-84.0,-20.0,-36.0,71.0,-192.0,11.0
71000,-111.0,5.0,81.0,80.0,-187.0,49.0
71040,-131.0,65.0,92.0,35.0,-195.0,33.0
71080,-102.0,-96.0,-59.0,-1.0,-186.0,94.0
71120,-126.0,46.0,75.0,-16.0,-195.0,29.0
71160,-128.0,91.0,1.0,17.0,-185.0,-1.0
71200,-107.0,-93.0,-29.0,78.0,-147.0,-80.0
71240,-142.0,125.0,133.0,89.0,-157.0,31.0
71280,-135.0,-46.0,-36.0,86.0,-156.0,-84.0
71320,-98.0,-39.0,31.0,42.0,-152.0,-2.0
71360,-127.0,69.0,89.0,14.0,-194.0,4.0
71400,-108.0,-107.0,-108.0,43.0,-178.0,-34.0
71440,-125.0,66.0,61.0,77.0,-182.0,-30.0
71480,-128.0,49.0,127.0,71.0,-192.0,-7.0
71520,-94.0,-25.0,-58.0,42.0,-183.0,-1.0
71560,-92.0,-32.0,-23.0,-18.0,-206.0,91.0
71600,-73.0,65.0,120.0,-5.0,-225.0,82.0
71640,-52.0,-65.0,-37.0,13.0,-172.0,5.0
71680,-81.0,121.0,14.0,9.0,-153.0,65.0
71720,-43.0,-18.0,19.0,58.0,-151.0,-2.0
71760,-38.0,-84.0,-4.0,70.0,-147.0,-27.0
71800,-62.0,108.0,0.0,15.0,-176.0,80.0
71840,-34.0,-69.0,-67.0,2.0,-163.0,18.0
71880,-36.0,31.0,36.0,23.0,-166.0,98.0
71920,-45.0,147.0,-38.0,38.0,-232.0,56.0
71960,10.0,-87.0,-134.0,20.0,-219.0,12.0
72000,-7.0,93.0,57.0,-16.0,-197.0,112.0
72040,-34.0,59.0,-91.0,-12.0,-155.0,99.0
72080,-25.0,1.0,-68.0,16.0,-82.0,3.0
72120,-43.0,152.0,33.0,32.0,-70.0,108.0
72160,-30.0,-15.0,-106.0,54.0,-48.0,-5.0
72200,-41.0,130.0,5.0,53.0,-56.0,71.0
72240,-57.0,94.0,-49.0,40.0,-110.0,89.0
72280,-33.0,69.0,-43.0,26.0,-92.0,27.0
72320,-79.0,81.0,41.0,9.0,-97.0,160.0
72360,-105.0,194.0,-1.0,-22.0,-70.0,52.0
72400,-74.0,34.0,-120.0,-22.0,-7.0,20.0
72440,-84.0,156.0,41.0,-8.0,-8.0,73.0
72480,-97.0,78.0,-39.0,-15.0,-31.0,104.0
72520,-78.0,23.0,-78.0,-29.0,4.0,3.0
72560,-109.0,118.0,29.0,-32.0,17.0,89.0
72600,-103.0,35.0,-53.0,0.0,43.0,9.0
72640,-120.0,11.0,-76.0,42.0,90.0,25.0
72680,-151.0,130.0,47.0,26.0,76.0,59.0
72720,-133.0,-9.0,-83.0,6.0,69.0,26.0
72760,-139.0,45.0,-54.0,-4.0,66.0,39.0
72800,-135.0,83.0,11.0,-9.0,34.0,-6.0
72840,-122.0,-74.0,-81.0,10.0,56.0,10.0
72880,-155.0,40.0,-24.0,-1.0,54.0,46.0
72920,-169.0,75.0,-14.0,-31.0,70.0,-43.0
72960,-152.0,-128.0,-79.0,-21.0,114.0,-55.0
73000,-208.0,85.0,20.0,-14.0,135.0,-56.0
73040,-200.0,-11.0,-102.0,-4.0,178.0,-57.0
73080,-183.0,-117.0,-41.0,-7.0,188.0,-77.0
73120,-227.0,28.0,32.0,-20.0,145.0,-96.0
73160,-210.0,-83.0,-129.0,-16.0,97.0,-125.0
73200,-209.0,-68.0,-74.0,10.0,60.0,-94.0
73240,-215.0,18.0,-9.0,4.0,23.0,-31.0
73280,-188.0,-143.0,-131.0,-21.0,24.0,-114.0
73320,-181.0,-58.0,-62.0,-39.0,29.0,-57.0
73360,-191.0,-22.0,-79.0,-35.0,53.0,-76.0
73400,-189.0,-141.0,-104.0,-4.0,109.0,-91.0
73440,-200.0,-20.0,10.0,-14.0,107.0,3.0
73480,-158.0,-34.0,-97.0,-9.0,99.0,-80.0
73520,-135.0,-119.0,-63.0,20.0,82.0,-84.0
73560,-163.0,85.0,94.0,35.0,28.0,-35.0
73600,-131.0,-123.0,-89.0,47.0,26.0,-94.0
73640,-127.0,-49.0,3.0,29.0,22.0,-50.0
73680,-121.0,16.0,51.0,-13.0,-19.0,-44.0
73720,-87.0,-117.0,-83.0,-15.0,-21.0,-61.0
73760,-90.0,-35.0,50.0,-8.0,-21.0,-55.0
73800,-111.0,7.0,7.0,-19.0,-25.0,-23.0
73840,-90.0,-151.0,-83.0,-17.0,12.0,-2.0
73880,-127.0,24.0,72.0,-28.0,20.0,-17.0
73920,-108.0,-40.0,-7.0,2.0,24.0,-91.0
73960,-89.0,-75.0,-32.0,42.0,17.0,-26.0
74000,-105.0,27.0,81.0,28.0,-24.0,27.0
74040,-92.0,-51.0,-10.0,8.0,-30.0,-10.0
74080,-94.0,-72.0,50.0,-27.0,-47.0,27.0
74120,-120.0,108.0,112.0,-28.0,-77.0,26.0
74160,-108.0,-135.0,-36.0,9.0,-61.0,-19.0
74200,-122.0,50.0,126.0,25.0,-64.0,14.0
74240,-136.0,17.0,82.0,11.0,-73.0,10.0
74280,-118.0,-64.0,22.0,7.0,-46.0,0.0
74320,-143.0,2.0,142.0,16.0,-66.0,11.0
74360,-167.0,31.0,99.0,26.0,-78.0,3.0
74400,-172.0,-150.0,45.0,30.0,-51.0,-36.0
74440,-225.0,118.0,191.0,27.0,-58.0,-4.0
74480,-214.0,-78.0,23.0,58.0,-46.0,-101.0
74520,-196.0,-34.0,124.0,54.0,-48.0,-50.0
74560,-219.0,-28.0,142.0,4.0,-82.0,-4.0
74600,-229.0,-96.0,59.0,-5.0,-76.0,-72.0
74640,-268.0,-82.0,133.0,-12.0,-84.0,-39.0
74680,-324.0,17.0,116.0,-15.0,-90.0,-43.0
74720,-283.0,-176.0,54.0,0.0,-78.0,-60.0
74760,-289.0,-19.0,227.0,-15.0,-93.0,28.0
74800,-283.0,-59.0,110.0,-38.0,-94.0,-62.0
74840,-286.0,-157.0,84.0,-12.0,-77.0,-102.0
74880,-304.0,17.0,286.0,36.0,-119.0,-42.0
74920,-301.0,-100.0,89.0,78.0,-146.0,-92.0
74960,-266.0,-89.0,156.0,58.0,-171.0,-11.0
75000,-293.0,0.0,224.0,-7.0,-206.0,24.0
75040,-269.0,-105.0,100.0,-2.0,-168.0,-42.0
75080,-288.0,-43.0,150.0,19.0,-131.0,-26.0
75120,-297.0,42.0,181.0,62.0,-118.0,-49.0
75160,-247.0,-158.0,73.0,101.0,-89.0,-65.0
75200,-240.0,35.0,189.0,53.0,-126.0,20.0
75240,-243.0,-71.0,67.0,12.0,-169.0,-26.0
75280,-223.0,-85.0,110.0,2.0,-171.0,-8.0
75320,-240.0,60.0,181.0,13.0,-178.0,-29.0
75360,-212.0,-5.0,48.0,39.0,-174.0,15.0
75400,-173.0,-58.0,114.0,37.0,-160.0,4.0
75440,-184.0,121.0,223.0,-10.0,-178.0,80.0
75480,-124.0,-63.0,54.0,-27.0,-166.0,48.0
75520,-114.0,15.0,153.0,13.0,-163.0,58.0
75560,-117.0,92.0,151.0,73.0,-173.0,29.0
75600,-73.0,-42.0,65.0,108.0,-161.0,21.0
75640,-51.0,113.0,168.0,73.0,-176.0,110.0
75680,-55.0,31.0,21.0,42.0,-173.0,106.0
75720,35.0,-9.0,114.0,57.0,-142.0,-3.0
75760,25.0,112.0,92.0,77.0,-163.0,101.0
75800,75.0,48.0,16.0,97.0,-154.0,8.0
75840,87.0,70.0,73.0,87.0,-130.0,80.0
75880,108.0,87.0,56.0,64.0,-162.0,100.0
75920,147.0,34.0,-61.0,37.0,-160.0,123.0
75960,159.0,-7.0,2.0,9.0,-154.0,171.0
76000,162.0,160.0,54.0,26.0,-163.0,110.0
76040,200.0,-2.0,-67.0,81.0,-145.0,33.0
76080,202.0,66.0,71.0,93.0,-158.0,103.0
76120,203.0,116.0,32.0,51.0,-177.0,127.0
76160,267.0,-16.0,-81.0,45.0,-156.0,31.0
76200,253.0,116.0,77.0,26.0,-185.0,92.0
76240,263.0,20.0,-54.0,26.0,-195.0,83.0
76280,258.0,-12.0,-57.0,44.0,-169.0,39.0
76320,226.0,132.0,70.0,42.0,-170.0,92.0
76360,244.0,-17.0,-101.0,56.0,-141.0,-2.0
76400,247.0,5.0,-60.0,52.0,-118.0,57.0
76440,230.0,105.0,6.0,52.0,-140.0,66.0
76480,250.0,-83.0,-97.0,60.0,-121.0,29.0
76520,219.0,169.0,8.0,61.0,-114.0,60.0
76560,207.0,101.0,-92.0,78.0,-121.0,-6.0
76600,273.0,32.0,-83.0,94.0,-111.0,31.0
76640,266.0,56.0,7.0,54.0,-146.0,108.0
76680,251.0,94.0,-64.0,18.0,-159.0,48.0
76720,242.0,-43.0,-89.0,39.0,-129.0,26.0
76760,218.0,202.0,31.0,44.0,-123.0,63.0
76800,247.0,-111.0,-105.0,51.0,-83.0,-26.0
76840,219.0,64.0,35.0,43.0,-71.0,31.0
76880,227.0,56.0,-17.0,18.0,-102.0,-19.0
76920,242.0,-27.0,-69.0,43.0,-68.0,-57.0
76960,215.0,-6.0,33.0,44.0,-59.0,16.0
77000,164.0,43.0,-15.0,21.0,-50.0,44.0
77040,166.0,-84.0,-80.0,5.0,-9.0,-16.0
77080,119.0,55.0,24.0,-10.0,-22.0,19.0
77120,109.0,34.0,-44.0,5.0,-40.0,2.0
77160,114.0,-45.0,-46.0,-18.0,-22.0,50.0
77200,82.0,107.0,59.0,-38.0,-16.0,44.0
77240,74.0,-7.0,-49.0,0.0,26.0,-62.0
77280,70.0,8.0,14.0,52.0,68.0,-52.0
77320,40.0,60.0,30.0,56.0,53.0,24.0
77360,69.0,-76.0,-107.0,35.0,65.0,-31.0
77400,76.0,1.0,24.0,-4.0,63.0,-11.0
77440,49.0,58.0,-3.0,-28.0,47.0,3.0
77480,52.0,-84.0,-91.0,-5.0,78.0,-81.0
77520,27.0,36.0,70.0,9.0,52.0,-41.0
77560,43.0,-12.0,-2.0,-23.0,40.0,2.0
77600,64.0,-68.0,-99.0,-58.0,77.0,-50.0
77640,55.0,105.0,17.0,-39.0,66.0,77.0
77680,83.0,-20.0,-55.0,11.0,90.0,-35.0
77720,84.0,-36.0,-27.0,19.0,115.0,75.0
77760,33.0,80.0,-14.0,38.0,127.0,-30.0
77800,59.0,-19.0,-86.0,72.0,157.0,-56.0
77840,83.0,-11.0,1.0,54.0,129.0,48.0
77880,68.0,72.0,-59.0,-20.0,116.0,68.0
77920,110.0,-75.0,-141.0,-46.0,135.0,-38.0
77960,86.0,85.0,4.0,6.0,94.0,-36.0
78000,81.0,52.0,-97.0,37.0,57.0,-8.0
78040,106.0,-58.0,-132.0,13.0,57.0,-13.0
78080,111.0,125.0,24.0,-20.0,27.0,14.0
78120,123.0,21.0,-89.0,-32.0,44.0,14.0
78160,114.0,31.0,-57.0,-8.0,98.0,32.0
78200,74.0,124.0,7.0,57.0,125.0,9.0
78240,82.0,9.0,-51.0,117.0,162.0,-42.0
78280,68.0,36.0,-14.0,103.0,150.0,24.0
78320,57.0,118.0,-21.0,51.0,89.0,77.0
78360,91.0,-23.0,-92.0,27.0,41.0,39.0
78400,69.0,35.0,71.0,-8.0,-9.0,13.0
78440,24.0,96.0,-2.0,6.0,-19.0,-13.0
78480,23.0,-105.0,-98.0,40.0,13.0,-25.0
78520,-20.0,84.0,134.0,31.0,17.0,35.0
78560,-29.0,-4.0,-23.0,14.0,19.0,20.0
78600,-9.0,-54.0,-19.0,23.0,30.0,3.0
78640,-57.0,96.0,108.0,31.0,-8.0,63.0
78680,-63.0,-35.0,-28.0,54.0,-15.0,5.0
78720,-107.0,21.0,57.0,81.0,-18.0,-3.0
78760,-149.0,148.0,128.0,87.0,-38.0,39.0
78800,-144.0,-52.0,-27.0,44.0,-6.0,33.0
78840,-154.0,70.0,146.0,-18.0,2.0,95.0
78880,-186.0,82.0,78.0,-23.0,-26.0,37.0
78920,-182.0,-39.0,0.0,33.0,-32.0,-27.0
78960,-239.0,129.0,136.0,66.0,-56.0,27.0
79000,-247.0,-12.0,32.0,68.0,-49.0,-13.0
79040,-257.0,-42.0,42.0,39.0,-24.0,39.0
79080,-302.0,113.0,130.0,6.0,-20.0,22.0
79120,-304.0,-20.0,20.0,39.0,1.0,-25.0
79160,-306.0,-23.0,117.0,83.0,-9.0,-5.0
79200,-320.0,98.0,120.0,73.0,-58.0,13.0
79240,-298.0,-87.0,8.0,40.0,-75.0,-12.0
79280,-295.0,52.0,163.0,-3.0,-102.0,62.0
79320,-301.0,9.0,108.0,-14.0,-125.0,33.0
79360,-262.0,-55.0,48.0,24.0,-94.0,13.0
79400,-292.0,27.0,166.0,24.0,-88.0,68.0
79440,-308.0,16.0,99.0,-2.0,-62.0,90.0
79480,-286.0,-94.0,77.0,-11.0,-15.0,60.0
79520,-296.0,102.0,227.0,0.0,-21.0,51.0
79560,-270.0,-4.0,49.0,42.0,-28.0,41.0
79600,-242.0,-30.0,123.0,59.0,-41.0,34.0
79640,-261.0,140.0,182.0,53.0,-85.0,50.0
79680,-221.0,-56.0,10.0,44.0,-101.0,10.0
79720,-215.0,44.0,134.0,13.0,-113.0,84.0
79760,-220.0,77.0,98.0,-6.0,-116.0,55.0
79800,-177.0,-64.0,-4.0,16.0,-78.0,6.0
79840,-175.0,122.0,150.0,39.0,-83.0,39.0
79880,-147.0,17.0,4.0,56.0,-85.0,31.0
79920,-95.0,-44.0,32.0,46.0,-81.0,16.0
79960,-119.0,95.0,97.0,25.0,-108.0,69.0
80000,-82.0,36.0,-19.0,35.0,-93.0,4.0
80040,-60.0,-39.0,15.0,54.0,-63.0,38.0
80080,-52.0,153.0,126.0,58.0,-83.0,30.0
80120,0.0,-64.0,-84.0,82.0,-69.0,-71.0
80160,28.0,80.0,71.0,65.0,-88.0,-18.0
80200,12.0,2.0,18.0,11.0,-136.0,113.0
80240,58.0,-13.0,-34.0,21.0,-111.0,-55.0
80280,72.0,38.0,5.0,36.0,-119.0,39.0
80320,101.0,83.0,-69.0,9.0,-116.0,61.0
80360,116.0,-135.0,-137.0,9.0,-68.0,-10.0
80400,65.0,150.0,84.0,-7.0,-66.0,120.0
80440,71.0,-37.0,-109.0,25.0,-52.0,-59.0
80480,83.0,55.0,-55.0,60.0,-61.0,34.0
80520,97.0,89.0,-20.0,97.0,-84.0,-48.0
80560,134.0,-9.0,-66.0,70.0,-112.0,61.0
80600,134.0,13.0,4.0,78.0,-114.0,45.0
80640,91.0,106.0,-38.0,42.0,-59.0,31.0
80680,88.0,-118.0,-118.0,45.0,-1.0,0.0
80720,37.0,85.0,62.0,50.0,16.0,126.0
80760,51.0,-38.0,-82.0,59.0,8.0,41.0
80800,71.0,-37.0,-95.0,35.0,-10.0,68.0
80840,55.0,25.0,21.0,39.0,-55.0,47.0
80880,27.0,-3.0,-47.0,32.0,-56.0,-61.0
80920,18.0,-111.0,-63.0,29.0,-32.0,-17.0
80960,-5.0,89.0,38.0,-9.0,-62.0,156.0
81000,26.0,-96.0,-82.0,-35.0,12.0,-32.0
81040,10.0,4.0,12.0,-50.0,77.0,55.0
81080,-17.0,14.0,11.0,-27.0,72.0,-44.0
81120,-29.0,-109.0,-56.0,-6.0,110.0,-33.0
81160,-58.0,52.0,62.0,-10.0,107.0,21.0
81200,-43.0,34.0,-4.0,-21.0,78.0,-39.0
81240,-11.0,-59.0,-38.0,-4.0,64.0,-79.0
81280,-50.0,89.0,78.0,-38.0,58.0,18.0
81320,-47.0,19.0,-38.0,-77.0,78.0,-23.0
81360,-33.0,-90.0,19.0,-40.0,97.0,-3.0
81400,-87.0,118.0,113.0,10.0,109.0,-80.0
81440,-87.0,-65.0,-69.0,16.0,122.0,-33.0
81480,-108.0,-25.0,32.0,-14.0,121.0,33.0
81520,-117.0,43.0,83.0,-33.0,96.0,41.0
81560,-113.0,-79.0,-29.0,25.0,107.0,-112.0
81600,-134.0,4.0,66.0,57.0,97.0,-47.0
81640,-145.0,16.0,65.0,45.0,103.0,-38.0
81680,-125.0,-166.0,4.0,3.0,161.0,-29.0
81720,-138.0,58.0,118.0,-48.0,133.0,-38.0
81760,-108.0,-91.0,-60.0,-24.0,87.0,-65.0
81800,-94.0,-105.0,-2.0,16.0,95.0,-31.0
81840,-119.0,3.0,93.0,12.0,86.0,-79.0
81880,-102.0,-85.0,-42.0,11.0,90.0,-80.0
81920,-98.0,-118.0,30.0,-7.0,118.0,-78.0
81960,-105.0,77.0,115.0,-5.0,128.0,-59.0
82000,-46.0,-165.0,-66.0,31.0,137.0,-112.0
82040,-41.0,37.0,81.0,6.0,108.0,-43.0
82080,-36.0,11.0,-4.0,-18.0,74.0,-59.0
82120,-6.0,-76.0,-31.0,13.0,84.0,-150.0
82160,-6.0,82.0,93.0,54.0,51.0,-82.0
82200,26.0,-67.0,-36.0,60.0,36.0,-111.0
82240,58.0,-90.0,-6.0,28.0,45.0,-70.0
82280,35.0,49.0,79.0,-4.0,17.0,-7.0
82320,55.0,-43.0,-78.0,23.0,49.0,-89.0
82360,60.0,-75.0,-15.0,49.0,58.0,-23.0
82400,61.0,71.0,65.0,54.0,4.0,2.0
82440,95.0,-110.0,-84.0,38.0,9.0,-43.0
82480,86.0,19.0,49.0,18.0,-6.0,-36.0
82520,82.0,59.0,35.0,42.0,-37.0,-24.0
82560,115.0,-102.0,-22.0,76.0,-33.0,-59.0
82600,87.0,82.0,124.0,46.0,-56.0,19.0
82640,67.0,-20.0,-14.0,32.0,-61.0,-34.0
82680,75.0,-79.0,44.0,44.0,-38.0,-22.0
82720,35.0,79.0,164.0,19.0,-52.0,33.0
82760,52.0,-80.0,44.0,2.0,-53.0,36.0
82800,57.0,-29.0,131.0,23.0,-68.0,5.0
82840,13.0,53.0,195.0,34.0,-105.0,-2.0
82880,-1.0,-27.0,83.0,63.0,-112.0,-35.0
82920,-18.0,4.0,179.0,65.0,-148.0,46.0
82960,-27.0,81.0,193.0,29.0,-172.0,35.0
83000,3.0,-107.0,81.0,23.0,-139.0,-49.0
83040,-26.0,61.0,212.0,26.0,-133.0,42.0
83080,-35.0,10.0,112.0,36.0,-112.0,19.0
83120,-25.0,-135.0,85.0,30.0,-87.0,21.0
83160,-58.0,70.0,242.0,13.0,-123.0,32.0
83200,-54.0,-76.0,46.0,48.0,-157.0,5.0
83240,-51.0,-61.0,116.0,56.0,-177.0,71.0
83280,-85.0,62.0,206.0,24.0,-207.0,81.0
83320,-62.0,-102.0,56.0,44.0,-198.0,-9.0
83360,-66.0,34.0,211.0,65.0,-193.0,14.0
83400,-92.0,73.0,169.0,73.0,-208.0,43.0
83440,-50.0,-93.0,124.0,80.0,-183.0,19.0
83480,-84.0,89.0,277.0,49.0,-182.0,52.0
83520,-105.0,55.0,164.0,39.0,-186.0,38.0
83560,-106.0,-34.0,106.0,50.0,-157.0,34.0
83600,-139.0,103.0,215.0,35.0,-167.0,90.0
83640,-134.0,0.0,102.0,37.0,-160.0,18.0
83680,-109.0,27.0,102.0,25.0,-160.0,83.0
83720,-112.0,76.0,140.0,-1.0,-199.0,69.0
83760,-67.0,-22.0,75.0,5.0,-202.0,52.0
83800,-59.0,-55.0,108.0,12.0,-226.0,77.0
83840,-71.0,145.0,124.0,21.0,-258.0,97.0
83880,-22.0,-126.0,-49.0,57.0,-220.0,36.0
83920,-21.0,88.0,172.0,62.0,-197.0,121.0
83960,-6.0,3.0,46.0,51.0,-178.0,115.0
84000,24.0,-45.0,1.0,53.0,-139.0,79.0
84040,16.0,92.0,161.0,40.0,-155.0,134.0
84080,62.0,47.0,58.0,47.0,-166.0,77.0
84120,113.0,-41.0,52.0,52.0,-178.0,78.0
84160,96.0,208.0,160.0,34.0,-223.0,99.0
84200,141.0,-55.0,-16.0,55.0,-213.0,51.0
84240,129.0,124.0,118.0,39.0,-190.0,107.0
84280,115.0,85.0,73.0,35.0,-173.0,106.0
84320,112.0,65.0,-23.0,66.0,-119.0,73.0
84360,134.0,89.0,65.0,52.0,-108.0,123.0
84400,147.0,206.0,1.0,19.0,-114.0,111.0
84440,207.0,-71.0,-100.0,37.0,-103.0,55.0
84480,157.0,245.0,88.0,19.0,-139.0,142.0
84520,161.0,25.0,-125.0,-2.0,-150.0,90.0
84560,161.0,53.0,-87.0,6.0,-116.0,65.0
84600,170.0,187.0,27.0,19.0,-118.0,63.0
84640,197.0,-9.0,-132.0,52.0,-92.0,17.0
84680,199.0,74.0,-42.0,53.0,-58.0,69.0
84720,171.0,124.0,-71.0,36.0,-42.0,64.0
84760,211.0,-56.0,-118.0,57.0,-2.0,-2.0
84800,184.0,81.0,-11.0,65.0,-8.0,72.0
84840,177.0,65.0,-118.0,92.0,-23.0,1.0
84880,198.0,-44.0,-142.0,106.0,11.0,-2.0
84920,157.0,119.0,-31.0,88.0,0.0,10.0
84960,139.0,-53.0,-160.0,63.0,12.0,29.0
85000,115.0,5.0,-124.0,11.0,55.0,30.0
85040,92.0,42.0,-92.0,-28.0,52.0,-2.0
85080,97.0,29.0,-179.0,16.0,81.0,-69.0
85120,81.0,-99.0,-139.0,47.0,94.0,-46.0
85160,38.0,142.0,-45.0,21.0,87.0,4.0
85200,48.0,-196.0,-228.0,-5.0,133.0,-52.0
85240,-16.0,47.0,-46.0,-26.0,148.0,-45.0
85280,-43.0,-54.0,-87.0,-12.0,128.0,-59.0
85320,-43.0,-95.0,-164.0,2.0,124.0,-56.0
85360,-62.0,-47.0,-38.0,-23.0,95.0,-51.0
85400,-89.0,19.0,-85.0,-22.0,92.0,-80.0
85440,-96.0,-195.0,-101.0,-9.0,106.0,-106.0
85480,-164.0,116.0,45.0,0.0,110.0,-34.0
85520,-137.0,-174.0,-145.0,34.0,158.0,-91.0
85560,-177.0,-72.0,-14.0,34.0,200.0,-60.0
85600,-220.0,37.0,-31.0,43.0,183.0,-51.0
85640,-210.0,-160.0,-181.0,47.0,190.0,-66.0
85680,-214.0,-38.0,6.0,31.0,162.0,-73.0
85720,-229.0,-45.0,-53.0,17.0,113.0,-97.0
85760,-209.0,-113.0,-155.0,26.0,121.0,-189.0
85800,-237.0,-22.0,-18.0,19.0,96.0,-75.0
85840,-214.0,-30.0,-59.0,-15.0,88.0,-96.0
85880,-186.0,-192.0,-118.0,-52.0,115.0,-78.0
85920,-208.0,107.0,27.0,-66.0,95.0,-38.0
85960,-178.0,-117.0,-112.0,-11.0,117.0,-126.0
86000,-180.0,-68.0,12.0,37.0,128.0,-73.0
86040,-201.0,37.0,70.0,16.0,103.0,-42.0
86080,-173.0,-122.0,-83.0,9.0,116.0,-108.0
86120,-165.0,8.0,65.0,12.0,98.0,-59.0
86160,-164.0,33.0,14.0,38.0,72.0,-124.0
86200,-128.0,-139.0,-70.0,77.0,78.0,-116.0
86240,-157.0,28.0,66.0,49.0,47.0,-32.0
86280,-155.0,-12.0,-84.0,9.0,17.0,-77.0
86320,-124.0,-161.0,-121.0,10.0,14.0,-84.0
86360,-145.0,90.0,25.0,6.0,-11.0,-70.0
86400,-125.0,-108.0,-164.0,22.0,12.0,-53.0
86440,-128.0,-25.0,-76.0,60.0,80.0,-114.0
86480,-155.0,57.0,-16.0,65.0,73.0,-38.0
86520,-137.0,-80.0,-121.0,62.0,75.0,-78.0
86560,-135.0,14.0,-11.0,84.0,57.0,-94.0
86600,-133.0,107.0,-5.0,98.0,2.0,-104.0
86640,-89.0,-151.0,-97.0,64.0,-14.0,-14.0
86680,-147.0,74.0,41.0,13.0,-33.0,5.0
86720,-145.0,25.0,-5.0,37.0,-21.0,-2.0
86760,-142.0,-88.0,-29.0,61.0,14.0,-27.0
86800,-182.0,76.0,94.0,16.0,13.0,45.0
86840,-184.0,-15.0,-36.0,-2.0,25.0,-27.0
86880,-146.0,-81.0,15.0,12.0,28.0,-14.0
86920,-186.0,143.0,133.0,26.0,-35.0,52.0
86960,-185.0,-98.0,-93.0,34.0,-18.0,-51.0
87000,-213.0,51.0,79.0,53.0,15.0,-17.0
87040,-223.0,85.0,85.0,56.0,7.0,45.0
87080,-183.0,-44.0,-23.0,59.0,20.0,-23.0
87120,-194.0,83.0,66.0,38.0,-21.0,53.0
87160,-185.0,84.0,31.0,35.0,-63.0,41.0
87200,-163.0,-61.0,-10.0,37.0,-47.0,67.0
87240,-191.0,85.0,116.0,-3.0,-68.0,160.0
87280,-186.0,50.0,0.0,-14.0,-66.0,42.0
87320,-149.0,-18.0,81.0,5.0,-57.0,69.0
87360,-168.0,210.0,192.0,-12.0,-63.0,126.0
87400,-144.0,-32.0,11.0,29.0,-17.0,33.0
87440,-172.0,112.0,178.0,30.0,2.0,83.0
87480,-193.0,133.0,203.0,-1.0,-21.0,88.0
87520,-156.0,23.0,37.0,28.0,-39.0,41.0
87560,-145.0,81.0,193.0,36.0,-84.0,59.0
87600,-155.0,138.0,151.0,7.0,-104.0,116.0
87640,-121.0,-84.0,12.0,3.0,-71.0,85.0
87680,-158.0,169.0,207.0,3.0,-60.0,90.0
87720,-137.0,20.0,81.0,7.0,-85.0,135.0
87760,-126.0,-38.0,34.0,-18.0,-94.0,144.0
87800,-128.0,173.0,191.0,-3.0,-107.0,116.0
87840,-77.0,3.0,49.0,26.0,-77.0,139.0
87880,-43.0,44.0,123.0,43.0,-45.0,51.0
87920,-53.0,165.0,139.0,30.0,-78.0,161.0
87960,11.0,-89.0,61.0,23.0,-76.0,59.0
88000,-5.0,113.0,202.0,27.0,-83.0,99.0
88040,-1.0,113.0,60.0,16.0,-76.0,91.0
88080,54.0,-80.0,19.0,36.0,-37.0,27.0
88120,66.0,146.0,217.0,23.0,-67.0,154.0
88160,91.0,-7.0,-27.0,5.0,-84.0,9.0
88200,115.0,8.0,35.0,7.0,-79.0,10.0
88240,92.0,81.0,122.0,11.0,-98.0,86.0
88280,142.0,14.0,-13.0,7.0,-62.0,-10.0
88320,158.0,-45.0,55.0,-21.0,-31.0,93.0
88360,137.0,153.0,115.0,-30.0,-40.0,68.0
88400,172.0,-86.0,-56.0,5.0,0.0,23.0
88440,179.0,110.0,104.0,22.0,28.0,17.0
88480,198.0,54.0,20.0,31.0,-10.0,36.0
88520,238.0,-34.0,-12.0,37.0,-24.0,2.0
88560,241.0,64.0,121.0,-2.0,-50.0,34.0
88600,230.0,-17.0,-52.0,-15.0,-45.0,-18.0
88640,237.0,-67.0,-13.0,6.0,-12.0,26.0
88680,198.0,93.0,120.0,-22.0,-17.0,15.0
88720,241.0,-67.0,-27.0,-5.0,14.0,-52.0
88760,231.0,-59.0,42.0,-13.0,42.0,42.0
88800,198.0,36.0,99.0,-13.0,24.0,12.0
88840,215.0,-124.0,-47.0,16.0,64.0,14.0
88880,203.0,60.0,105.0,7.0,44.0,11.0
88920,164.0,18.0,12.0,-2.0,18.0,36.0
88960,186.0,-56.0,-48.0,-6.0,63.0,-36.0
89000,156.0,30.0,68.0,-22.0,72.0,14.0
89040,165.0,4.0,19.0,12.0,83.0,-29.0
89080,175.0,-126.0,-36.0,11.0,129.0,-7.0
89120,163.0,92.0,63.0,-3.0,123.0,-51.0
89160,188.0,-128.0,-91.0,3.0,116.0,-56.0
89200,177.0,-61.0,-26.0,5.0,109.0,-42.0
89240,158.0,-16.0,-18.0,-6.0,76.0,-29.0
89280,188.0,-105.0,-82.0,-6.0,112.0,-104.0
89320,165.0,-111.0,6.0,-4.0,138.0,-18.0
89360,151.0,49.0,18.0,-2.0,133.0,-95.0
89400,191.0,-240.0,-116.0,7.0,141.0,-128.0
89440,150.0,33.0,59.0,-6.0,85.0,7.0
89480,152.0,-78.0,-108.0,-39.0,55.0,-63.0
89520,153.0,-146.0,-124.0,-50.0,70.0,-95.0
89560,113.0,22.0,32.0,-22.0,89.0,-137.0
89600,104.0,-119.0,-133.0,16.0,145.0,-191.0
89640,104.0,-162.0,-95.0,26.0,179.0,-47.0
89680,54.0,2.0,11.0,-37.0,154.0,-10.0
89720,51.0,-164.0,-165.0,-58.0,145.0,-88.0
89760,42.0,-63.0,-46.0,-17.0,112.0,-141.0
89800,28.0,-18.0,-57.0,30.0,60.0,-72.0
89840,61.0,-214.0,-135.0,86.0,74.0,-212.0
89880,25.0,37.0,1.0,61.0,49.0,-101.0
89920,62.0,-95.0,-105.0,-3.0,20.0,-101.0
89960,78.0,-188.0,-98.0,-22.0,44.0,-72.0
90000,67.0,-13.0,8.0,-27.0,39.0,-80.0
90040,85.0,-102.0,-144.0,19.0,39.0,-121.0
90080,98.0,-144.0,-106.0,35.0,56.0,-83.0
90120,67.0,33.0,1.0,-6.0,48.0,-92.0
90160,112.0,-169.0,-145.0,-6.0,46.0,-151.0
90200,108.0,-59.0,-50.0,-5.0,23.0,-82.0
90240,106.0,1.0,-35.0,-13.0,-33.0,-69.0
90280,145.0,-153.0,-157.0,25.0,-45.0,-169.0
90320,137.0,15.0,-1.0,36.0,-67.0,-84.0
90360,126.0,12.0,-78.0,-23.0,-73.0,4.0
90400,142.0,-144.0,-145.0,-30.0,-25.0,-100.0
90440,112.0,108.0,63.0,1.0,-14.0,-34.0
90480,121.0,-20.0,-93.0,23.0,4.0,-94.0
90520,125.0,-97.0,-71.0,40.0,8.0,-9.0
90560,97.0,134.0,41.0,33.0,-50.0,17.0
90600,123.0,-79.0,-79.0,-11.0,-50.0,31.0
90640,93.0,19.0,15.0,-23.0,-48.0,99.0
90680,62.0,126.0,31.0,-4.0,-44.0,52.0
90720,77.0,-108.0,-78.0,60.0,-20.0,-32.0
90760,69.0,82.0,104.0,51.0,-44.0,34.0
90800,60.0,2.0,-29.0,37.0,-78.0,-28.0
90840,78.0,-59.0,-56.0,53.0,-73.0,-71.0
90880,43.0,15.0,54.0,55.0,-87.0,-1.0
90920,22.0,-3.0,-69.0,45.0,-74.0,-37.0
90960,6.0,-162.0,-82.0,28.0,-36.0,-19.0
91000,-44.0,163.0,103.0,-11.0,-34.0,-24.0
91040,-17.0,-149.0,-122.0,-13.0,-32.0,-35.0
91080,-23.0,41.0,49.0,-3.0,-34.0,-10.0
91120,-28.0,-1.0,64.0,-3.0,-55.0,-5.0
91160,-22.0,-14.0,-12.0,-14.0,-35.0,-4.0
91200,-54.0,-42.0,41.0,-23.0,-40.0,81.0
91240,-93.0,130.0,101.0,-30.0,-50.0,56.0
91280,-63.0,-137.0,-4.0,-5.0,-17.0,34.0
91320,-107.0,201.0,185.0,4.0,-14.0,86.0
91360,-87.0,-10.0,36.0,34.0,-3.0,45.0
91400,-88.0,7.0,104.0,52.0,16.0,2.0
91440,-120.0,54.0,158.0,32.0,-9.0,-23.0
91480,-133.0,-3.0,0.0,29.0,-22.0,-22.0
91520,-116.0,-79.0,26.0,32.0,-33.0,-20.0
91560,-143.0,119.0,122.0,25.0,-61.0,-25.0
91600,-109.0,-131.0,-77.0,32.0,-45.0,-78.0
91640,-145.0,3.0,106.0,4.0,-29.0,24.0
91680,-164.0,8.0,88.0,-7.0,-21.0,-4.0
91720,-148.0,-116.0,-12.0,27.0,14.0,-80.0
91760,-145.0,54.0,150.0,38.0,8.0,-28.0
91800,-132.0,11.0,34.0,37.0,-20.0,28.0
91840,-84.0,-115.0,26.0,3.0,-31.0,59.0
91880,-113.0,140.0,208.0,-46.0,-63.0,55.0
91920,-91.0,-65.0,61.0,-23.0,-51.0,-24.0
91960,-105.0,23.0,166.0,19.0,-14.0,25.0
92000,-105.0,103.0,204.0,18.0,-5.0,50.0
92040,-64.0,-93.0,42.0,6.0,33.0,-7.0
92080,-57.0,73.0,172.0,-25.0,30.0,59.0
92120,-72.0,61.0,54.0,-29.0,-21.0,74.0
92160,-38.0,-43.0,-19.0,1.0,-39.0,31.0
92200,-63.0,61.0,148.0,30.0,-75.0,13.0
92240,-51.0,90.0,11.0,45.0,-75.0,-7.0
92280,-13.0,-81.0,-51.0,52.0,-31.0,-40.0
92320,-37.0,175.0,103.0,27.0,-9.0,46.0
92360,-4.0,-60.0,-70.0,29.0,20.0,17.0
92400,-5.0,30.0,-26.0,43.0,50.0,12.0
92440,-21.0,39.0,0.0,49.0,26.0,49.0
92480,2.0,-13.0,-75.0,63.0,35.0,-22.0
92520,41.0,21.0,25.0,50.0,55.0,83.0
92560,41.0,143.0,-18.0,5.0,44.0,87.0
92600,89.0,-69.0,-42.0,-11.0,51.0,57.0
92640,33.0,129.0,108.0,-21.0,22.0,115.0
92680,24.0,36.0,-29.0,-2.0,-2.0,26.0
92720,28.0,55.0,-42.0,20.0,35.0,37.0
92760,38.0,85.0,82.0,-5.0,55.0,118.0
92800,70.0,99.0,-30.0,-6.0,90.0,84.0
92840,86.0,-51.0,-61.0,18.0,122.0,90.0
92880,25.0,194.0,51.0,27.0,104.0,101.0
92920,27.0,-91.0,-137.0,62.0,125.0,-11.0
92960,-8.0,73.0,-12.0,56.0,150.0,38.0
93000,-16.0,62.0,-55.0,17.0,128.0,36.0
93040,22.0,-105.0,-180.0,4.0,127.0,71.0
93080,1.0,47.0,5.0,20.0,75.0,44.0
93120,-2.0,32.0,-58.0,-2.0,47.0,36.0
93160,0.0,-125.0,-128.0,-12.0,86.0,-8.0
93200,-42.0,109.0,50.0,-45.0,120.0,89.0
93240,-15.0,-26.0,-77.0,-27.0,138.0,0.0
93280,9.0,-34.0,-39.0,-16.0,176.0,9.0
93320,-28.0,153.0,38.0,-24.0,146.0,43.0
93360,-16.0,-62.0,-91.0,-12.0,148.0,-11.0
93400,-51.0,58.0,50.0,-12.0,162.0,54.0
93440,-74.0,95.0,29.0,-25.0,145.0,-7.0
93480,-36.0,-45.0,-89.0,-5.0,169.0,-3.0
93520,-47.0,56.0,49.0,-39.0,152.0,26.0
93560,-49.0,116.0,-28.0,-62.0,108.0,41.0
93600,-55.0,-130.0,-134.0,-54.0,119.0,0.0
93640,-103.0,152.0,74.0,-27.0,120.0,7.0
93680,-105.0,-50.0,-104.0,10.0,140.0,-5.0
93720,-100.0,-19.0,-73.0,17.0,177.0,17.0
93760,-136.0,130.0,9.0,-17.0,163.0,39.0
93800,-107.0,-58.0,-116.0,-15.0,166.0,-26.0
93840,-115.0,-9.0,0.0,-10.0,135.0,-13.0
93880,-123.0,82.0,-14.0,-20.0,79.0,9.0
93920,-87.0,-116.0,-113.0,-5.0,87.0,-111.0
93960,-92.0,38.0,51.0,11.0,88.0,-93.0
94000,-77.0,-20.0,-44.0,38.0,79.0,-129.0
94040,-55.0,-103.0,-70.0,28.0,99.0,-115.0
94080,-80.0,-29.0,42.0,-15.0,58.0,-18.0
94120,-84.0,-54.0,-43.0,-61.0,50.0,-67.0
94160,-72.0,-163.0,-72.0,-45.0,72.0,-92.0
94200,-89.0,67.0,63.0,-23.0,67.0,-32.0
94240,-43.0,-112.0,-88.0,-17.0,83.0,-67.0
94280,-25.0,-72.0,22.0,-42.0,81.0,-30.0
94320,-60.0,76.0,13.0,-60.0,36.0,-11.0
94360,-21.0,-134.0,-135.0,-35.0,19.0,-55.0
94400,-24.0,-8.0,32.0,-17.0,10.0,7.0
94440,-1.0,-4.0,-15.0,-18.0,-2.0,-25.0
94480,33.0,-131.0,-125.0,4.0,4.0,-66.0
94520,29.0,20.0,22.0,-2.0,-20.0,-49.0
94560,55.0,-50.0,-62.0,-8.0,-41.0,-95.0
94600,87.0,-173.0,-73.0,9.0,-44.0,-123.0
94640,58.0,77.0,35.0,6.0,-77.0,-106.0
94680,82.0,-129.0,-126.0,11.0,-82.0,-162.0
94720,90.0,-58.0,0.0,2.0,-66.0,-85.0
94760,77.0,41.0,11.0,-10.0,-90.0,-72.0
94800,109.0,-109.0,-123.0,0.0,-79.0,-114.0
94840,93.0,-41.0,43.0,1.0,-80.0,-43.0
94880,69.0,61.0,21.0,5.0,-88.0,-23.0
94920,87.0,-166.0,-92.0,3.0,-66.0,1.0
94960,58.0,86.0,102.0,-36.0,-83.0,10.0
95000,78.0,-53.0,-24.0,-53.0,-106.0,21.0
95040,82.0,-82.0,-13.0,-41.0,-103.0,-3.0
95080,49.0,17.0,113.0,-35.0,-113.0,-9.0
95120,49.0,-89.0,-11.0,-12.0,-93.0,-88.0
95160,59.0,-115.0,27.0,-10.0,-106.0,32.0
95200,28.0,4.0,118.0,-40.0,-139.0,26.0
95240,56.0,-134.0,-6.0,-25.0,-118.0,-100.0
95280,40.0,-76.0,92.0,10.0,-125.0,-45.0
95320,0.0,31.0,69.0,46.0,-134.0,-23.0
95360,22.0,-180.0,-27.0,65.0,-96.0,-115.0
95400,-3.0,1.0,130.0,48.0,-96.0,-67.0
95440,3.0,-35.0,5.0,58.0,-98.0,-73.0
95480,16.0,-165.0,-67.0,48.0,-55.0,-92.0
95520,-4.0,-27.0,106.0,16.0,-56.0,-100.0
95560,-7.0,-154.0,-63.0,-12.0,-68.0,-57.0
95600,1.0,-154.0,-41.0,-38.0,-67.0,-69.0
95640,-33.0,10.0,55.0,-79.0,-67.0,-26.0
95680,-5.0,-138.0,-10.0,-52.0,-39.0,-118.0
95720,-7.0,-58.0,87.0,-8.0,-16.0,-70.0
95760,-30.0,-9.0,69.0,-5.0,-29.0,-23.0
95800,-2.0,-146.0,-6.0,-19.0,-39.0,-43.0
95840,-19.0,14.0,137.0,-43.0,-68.0,73.0
95880,-3.0,-5.0,31.0,-49.0,-95.0,39.0
95920,34.0,-73.0,-3.0,-4.0,-84.0,-11.0
95960,25.0,21.0,129.0,45.0,-80.0,-32.0
96000,26.0,14.0,13.0,76.0,-59.0,-93.0
96040,51.0,-146.0,-8.0,72.0,-33.0,-51.0
96080,16.0,103.0,94.0,29.0,-52.0,14.0
96120,57.0,-155.0,-97.0,-6.0,-35.0,2.0
96160,43.0,52.0,29.0,-23.0,-28.0,11.0
96200,45.0,14.0,3.0,11.0,-71.0,34.0
96240,76.0,-23.0,-32.0,51.0,-91.0,2.0
96280,91.0,4.0,107.0,22.0,-113.0,70.0
96320,98.0,104.0,57.0,-11.0,-118.0,62.0
96360,146.0,-79.0,-10.0,20.0,-91.0,-3.0
96400,125.0,129.0,155.0,52.0,-103.0,70.0
96440,168.0,-24.0,-9.0,21.0,-100.0,-42.0
96480,182.0,-46.0,-2.0,-45.0,-87.0,206.0
96520,173.0,140.0,187.0,-99.0,-111.0,188.0
96560,213.0,-66.0,23.0,-89.0,-93.0,110.0
96600,184.0,-66.0,6.0,-14.0,-92.0,35.0
96640,176.0,127.0,176.0,23.0,-103.0,95.0
96680,250.0,60.0,-21.0,78.0,-114.0,70.0
96720,268.0,38.0,-44.0,85.0,-125.0,77.0
96760,208.0,113.0,53.0,45.0,-134.0,107.0
96800,225.0,-80.0,-29.0,42.0,-91.0,56.0
96840,187.0,192.0,-14.0,57.0,-33.0,123.0
96880,210.0,97.0,-66.0,81.0,-23.0,4.0
96920,243.0,67.0,51.0,99.0,-8.0,82.0
96960,202.0,71.0,-32.0,54.0,-6.0,107.0
97000,191.0,74.0,-144.0,46.0,-11.0,-41.0
97040,197.0,15.0,-20.0,28.0,-19.0,28.0
97080,175.0,116.0,-18.0,-7.0,-40.0,42.0
97120,178.0,-76.0,-132.0,-18.0,2.0,-45.0
97160,173.0,29.0,76.0,-27.0,15.0,42.0
97200,170.0,8.0,-22.0,-33.0,1.0,22.0
97240,164.0,-21.0,-49.0,-12.0,37.0,14.0
97280,139.0,79.0,81.0,-6.0,50.0,-10.0
97320,144.0,-16.0,-75.0,14.0,71.0,10.0
97360,129.0,-52.0,-101.0,31.0,111.0,-27.0
97400,87.0,107.0,22.0,-3.0,96.0,51.0
97440,123.0,-30.0,-145.0,-15.0,96.0,-22.0
97480,113.0,-3.0,-82.0,-30.0,130.0,-3.0
97520,63.0,48.0,-17.0,-57.0,123.0,15.0
97560,78.0,-115.0,-120.0,-56.0,147.0,-14.0
97600,51.0,34.0,-19.0,-32.0,174.0,-56.0
97640,27.0,43.0,-74.0,-5.0,172.0,-58.0
97680,43.0,-90.0,-132.0,16.0,182.0,-18.0
97720,8.0,42.0,43.0,-26.0,144.0,34.0
97760,7.0,-17.0,-30.0,-52.0,117.0,20.0
97800,6.0,-73.0,-57.0,-55.0,132.0,23.0
97840,-36.0,114.0,96.0,-90.0,115.0,86.0
97880,-42.0,-28.0,-27.0,-95.0,144.0,25.0
97920,-29.0,-8.0,-5.0,-42.0,156.0,-7.0
97960,-54.0,129.0,61.0,-52.0,123.0,72.0
98000,-52.0,-106.0,-65.0,-105.0,163.0,19.0
98040,-106.0,64.0,16.0,-103.0,187.0,12.0
98080,-128.0,97.0,-19.0,-83.0,173.0,65.0
98120,-105.0,-39.0,-80.0,-56.0,187.0,-49.0
98160,-126.0,117.0,-6.0,-40.0,167.0,69.0
98200,-123.0,89.0,-66.0,-26.0,150.0,-55.0
98240,-110.0,15.0,-82.0,-20.0,128.0,-30.0
98280,-138.0,85.0,-17.0,-40.0,74.0,16.0
98320,-124.0,85.0,-96.0,-31.0,63.0,-53.0
98360,-96.0,-32.0,-62.0,-17.0,82.0,-30.0
98400,-126.0,228.0,-5.0,-48.0,87.0,-7.0
98440,-96.0,-66.0,-204.0,-42.0,112.0,-76.0
98480,-82.0,81.0,-3.0,-41.0,119.0,-2.0
98520,-76.0,37.0,-56.0,-47.0,105.0,-63.0
98560,-52.0,-38.0,-152.0,-27.0,130.0,-83.0
98600,-60.0,-37.0,-8.0,-19.0,104.0,-81.0
98640,-86.0,33.0,-58.0,-14.0,77.0,-70.0
98680,-66.0,-184.0,-165.0,-27.0,71.0,-89.0
98720,-100.0,69.0,-6.0,-70.0,23.0,-35.0
98760,-87.0,-126.0,-159.0,-51.0,7.0,-94.0
98800,-101.0,-40.0,-105.0,-40.0,23.0,-108.0
98840,-121.0,-8.0,-64.0,-41.0,8.0,-51.0
98880,-111.0,-135.0,-154.0,-19.0,31.0,-74.0
98920,-140.0,-29.0,-70.0,-30.0,42.0,-61.0
98960,-168.0,82.0,-93.0,-33.0,25.0,-58.0
99000,-144.0,-121.0,-215.0,-9.0,48.0,-50.0
99040,-161.0,-13.0,-4.0,-21.0,56.0,11.0
99080,-187.0,39.0,-88.0,-35.0,56.0,-21.0
99120,-156.0,-90.0,-155.0,-19.0,51.0,-70.0
99160,-178.0,108.0,24.0,4.0,-16.0,-17.0
99200,-143.0,-46.0,-109.0,-12.0,-47.0,-143.0
99240,-124.0,-70.0,-84.0,-34.0,-35.0,-10.0
99280,-194.0,96.0,14.0,-41.0,-36.0,-39.0
99320,-196.0,-37.0,-146.0,-43.0,1.0,-39.0
99360,-190.0,-76.0,-72.0,-61.0,14.0,2.0
99400,-211.0,48.0,-7.0,-91.0,7.0,61.0
99440,-198.0,-85.0,-124.0,-53.0,6.0,-22.0
99480,-205.0,84.0,0.0,-26.0,2.0,37.0
99520,-234.0,48.0,-33.0,-15.0,-7.0,26.0
99560,-232.0,-95.0,-42.0,-6.0,-15.0,19.0
99600,-260.0,120.0,99.0,-20.0,-21.0,74.0
99640,-247.0,-30.0,-83.0,-22.0,-42.0,6.0
99680,-237.0,-38.0,15.0,1.0,-37.0,53.0
99720,-265.0,24.0,121.0,-33.0,-46.0,100.0
99760,-257.0,-52.0,-62.0,-58.0,-52.0,27.0
99800,-238.0,-64.0,42.0,-56.0,-40.0,-22.0
99840,-282.0,55.0,107.0,-12.0,-48.0,-68.0
99880,-254.0,-138.0,-44.0,30.0,-14.0,-64.0
99920,-263.0,-45.0,68.0,2.0,-25.0,35.0
99960,-274.0,-16.0,46.0,-49.0,-48.0,-2.0
