Time,Ch1_X,Ch1_Y,Ch1_Z,Ch2_X,Ch2_Y,Ch2_Z
0,57.0,61.0,77.0,-9.0,-67.0,54.0
40,37.0,32.0,-23.0,-40.0,-53.0,53.0
80,41.0,-74.0,-58.0,-25.0,-3.0,20.0
120,6.0,118.0,91.0,-26.0,-18.0,87.0
160,-3.0,5.0,-84.0,-24.0,-21.0,30.0
200,-4.0,-5.0,-61.0,-20.0,-18.0,67.0
240,-41.0,83.0,42.0,-44.0,-36.0,89.0
280,-39.0,-24.0,-87.0,-30.0,-23.0,6.0
320,-59.0,2.0,-22.0,2.0,-17.0,-41.0
360,-88.0,97.0,12.0,22.0,-31.0,-15.0
400,-72.0,-102.0,-128.0,38.0,-24.0,-64.0
440,-98.0,22.0,9.0,-13.0,-35.0,6.0
480,-138.0,34.0,-34.0,-3.0,-47.0,-75.0
520,-128.0,-134.0,-77.0,65.0,-16.0,-148.0
560,-177.0,25.0,64.0,26.0,-55.0,33.0
600,-191.0,-131.0,-62.0,5.0,-39.0,-36.0
640,-213.0,-38.0,-6.0,5.0,11.0,-182.0
680,-245.0,-5.0,69.0,-8.0,-9.0,-61.0
720,-249.0,-85.0,-72.0,-25.0,-11.0,-109.0
760,-246.0,-122.0,3.0,-36.0,-30.0,-3.0
800,-288.0,67.0,74.0,-31.0,-84.0,-63.0
840,-267.0,-185.0,-126.0,-49.0,-111.0,44.0
880,-283.0,-23.0,44.0,-53.0,-74.0,-139.0
920,-293.0,-50.0,-11.0,-33.0,-48.0,31.0
960,-274.0,-126.0,-84.0,18.0,-20.0,-165.0
1000,-311.0,-17.0,36.0,12.0,1.0,0.0
1040,-324.0,-49.0,-68.0,-4.0,26.0,-120.0
1080,-293.0,-154.0,-61.0,33.0,38.0,-55.0
1120,-307.0,33.0,53.0,47.0,-21.0,-33.0
1160,-264.0,-130.0,-121.0,48.0,-43.0,-73.0
1200,-242.0,-114.0,-32.0,62.0,-79.0,-129.0
1240,-274.0,72.0,9.0,33.0,-122.0,23.0
1280,-248.0,-135.0,-98.0,7.0,-73.0,-127.0
1320,-229.0,11.0,110.0,9.0,-11.0,-33.0
1360,-256.0,-22.0,-106.0,31.0,16.0,-60.0
1400,-213.0,-146.0,-89.0,-12.0,48.0,46.0
1440,-195.0,7.0,148.0,-12.0,4.0,-23.0
1480,-167.0,4.0,-127.0,7.0,-77.0,-17.0
1520,-133.0,-84.0,-79.0,-5.0,-96.0,-86.0
1560,-166.0,96.0,101.0,-47.0,-99.0,109.0
1600,-159.0,-106.0,-115.0,-44.0,-81.0,-18.0
1640,-150.0,65.0,40.0,-6.0,-37.0,-64.0
1680,-173.0,8.0,24.0,-32.0,-53.0,26.0
1720,-130.0,46.0,-86.0,-22.0,-35.0,-5.0
1760,-101.0,5.0,6.0,15.0,-35.0,50.0
1800,-75.0,108.0,79.0,0.0,-76.0,59.0
1840,-48.0,-82.0,-92.0,22.0,-90.0,43.0
1880,-84.0,107.0,65.0,62.0,-93.0,74.0
1920,-93.0,104.0,35.0,75.0,-82.0,-14.0
1960,-57.0,-31.0,-67.0,89.0,-62.0,77.0
2000,-47.0,100.0,121.0,74.0,-110.0,65.0
2040,-31.0,61.0,-50.0,43.0,-115.0,28.0
2080,10.0,-60.0,-57.0,23.0,-98.0,53.0
2120,-59.0,217.0,109.0,7.0,-139.0,120.0
2160,-38.0,-141.0,-92.0,35.0,-148.0,47.0
2200,-49.0,139.0,24.0,44.0,-127.0,36.0
2240,-32.0,76.0,-24.0,-10.0,-118.0,39.0
2280,-14.0,-50.0,-48.0,11.0,-79.0,46.0
2320,-55.0,10.0,53.0,9.0,-74.0,85.0
2360,-105.0,74.0,-29.0,-25.0,-94.0,36.0
2400,-72.0,-111.0,-31.0,-30.0,-95.0,99.0
2440,-93.0,122.0,118.0,-58.0,-126.0,152.0
2480,-76.0,5.0,-12.0,-40.0,-144.0,19.0
2520,-76.0,14.0,81.0,10.0,-128.0,14.0
2560,-119.0,124.0,131.0,22.0,-110.0,42.0
2600,-133.0,-37.0,3.0,48.0,-40.0,-6.0
2640,-145.0,48.0,123.0,19.0,-1.0,19.0
2680,-144.0,56.0,73.0,-25.0,-37.0,66.0
2720,-117.0,-71.0,-2.0,-29.0,-34.0,36.0
2760,-140.0,53.0,155.0,-39.0,-27.0,29.0
2800,-155.0,76.0,43.0,3.0,-49.0,0.0
2840,-130.0,-99.0,9.0,65.0,-49.0,-20.0
2880,-159.0,51.0,180.0,33.0,-77.0,-2.0
2920,-138.0,-48.0,52.0,-20.0,-80.0,-6.0
2960,-125.0,-66.0,45.0,-44.0,-43.0,-12.0
3000,-139.0,65.0,125.0,-57.0,-38.0,10.0
3040,-128.0,-98.0,18.0,-30.0,-13.0,-47.0
3080,-135.0,-10.0,113.0,-7.0,23.0,-112.0
3120,-140.0,31.0,96.0,-20.0,15.0,-13.0
3160,-109.0,-119.0,7.0,-16.0,36.0,-97.0
3200,-100.0,-11.0,147.0,-24.0,44.0,-63.0
3240,-103.0,11.0,84.0,-31.0,32.0,-54.0
3280,-72.0,-125.0,-14.0,-20.0,43.0,-30.0
3320,-86.0,-1.0,128.0,-46.0,22.0,6.0
3360,-72.0,-15.0,82.0,-41.0,21.0,-43.0
3400,-43.0,-94.0,54.0,2.0,58.0,-138.0
3440,-33.0,82.0,133.0,25.0,59.0,25.0
3480,43.0,-96.0,5.0,29.0,67.0,-80.0
3520,76.0,-58.0,67.0,8.0,69.0,1.0
3560,59.0,68.0,64.0,-16.0,26.0,-12.0
3600,87.0,-84.0,-120.0,-3.0,34.0,-33.0
3640,107.0,-50.0,13.0,12.0,63.0,-13.0
3680,110.0,78.0,9.0,9.0,63.0,-31.0
3720,168.0,-135.0,-173.0,14.0,76.0,-71.0
3760,181.0,35.0,12.0,-4.0,66.0,-14.0
3800,186.0,-40.0,-67.0,-10.0,48.0,-10.0
3840,208.0,-115.0,-115.0,-2.0,66.0,-38.0
3880,170.0,66.0,-45.0,-17.0,54.0,38.0
3920,186.0,-66.0,-129.0,11.0,62.0,-55.0
3960,192.0,-24.0,-60.0,55.0,92.0,-39.0
4000,183.0,64.0,-2.0,42.0,80.0,18.0
4040,191.0,-9.0,-124.0,22.0,93.0,-11.0
4080,197.0,-78.0,17.0,-5.0,88.0,-12.0
4120,155.0,119.0,60.0,-8.0,49.0,-18.0
4160,191.0,-137.0,-141.0,9.0,51.0,-99.0
4200,176.0,57.0,45.0,26.0,7.0,89.0
4240,184.0,-35.0,-1.0,-25.0,-20.0,-91.0
4280,176.0,-120.0,-69.0,-125.0,-35.0,138.0
4320,129.0,62.0,78.0,-54.0,-10.0,-125.0
4360,119.0,-42.0,-24.0,66.0,22.0,-134.0
4400,143.0,-119.0,10.0,40.0,26.0,-49.0
4440,107.0,2.0,63.0,-52.0,9.0,29.0
4480,106.0,-83.0,-44.0,-94.0,11.0,-13.0
4520,85.0,-56.0,71.0,-41.0,33.0,-151.0
4560,40.0,9.0,63.0,-8.0,-32.0,-1.0
4600,56.0,-159.0,-8.0,17.0,-5.0,-88.0
4640,41.0,8.0,159.0,-19.0,-19.0,-14.0
4680,23.0,-39.0,76.0,-71.0,-63.0,-48.0
4720,15.0,-79.0,12.0,-47.0,-37.0,-89.0
4760,-6.0,-67.0,155.0,-36.0,-34.0,24.0
4800,-34.0,10.0,116.0,-36.0,-58.0,90.0
4840,-29.0,-142.0,39.0,-29.0,-64.0,1.0
4880,-68.0,117.0,223.0,-27.0,-60.0,48.0
4920,-48.0,-48.0,88.0,-1.0,-29.0,-89.0
4960,-46.0,28.0,108.0,12.0,-27.0,46.0
5000,-68.0,53.0,132.0,28.0,-60.0,-63.0
5040,-82.0,-80.0,22.0,-8.0,-59.0,-10.0
5080,-95.0,-50.0,119.0,-39.0,-48.0,-85.0
5120,-131.0,61.0,42.0,-56.0,-42.0,60.0
5160,-75.0,-133.0,-42.0,-8.0,-27.0,-45.0
5200,-94.0,34.0,134.0,-1.0,-46.0,8.0
5240,-109.0,-16.0,-11.0,-5.0,-40.0,-37.0
5280,-93.0,-78.0,-25.0,-4.0,-16.0,27.0
5320,-102.0,28.0,97.0,-24.0,-49.0,71.0
5360,-77.0,-45.0,-16.0,-11.0,-60.0,-39.0
5400,-69.0,15.0,25.0,13.0,-41.0,-5.0
5440,-46.0,50.0,145.0,49.0,-27.0,68.0
5480,-28.0,105.0,-43.0,81.0,1.0,-52.0
5520,20.0,-206.0,32.0,14.0,-23.0,122.0
5560,-17.0,246.0,153.0,-11.0,-26.0,-30.0
5600,45.0,-280.0,-177.0,-30.0,-3.0,44.0
5640,40.0,247.0,160.0,-25.0,-21.0,25.0
5680,78.0,-144.0,-106.0,6.0,-49.0,-42.0
5720,132.0,3.0,-8.0,26.0,-64.0,-48.0
5760,109.0,50.0,48.0,20.0,-72.0,-48.0
5800,94.0,-36.0,-104.0,-6.0,-67.0,53.0
5840,107.0,-13.0,10.0,-8.0,-47.0,11.0
5880,95.0,31.0,50.0,4.0,-74.0,31.0
5920,142.0,10.0,-75.0,31.0,-89.0,63.0
5960,177.0,42.0,-30.0,32.0,-76.0,72.0
6000,176.0,86.0,14.0,-32.0,-98.0,163.0
6040,183.0,-7.0,-9.0,-20.0,-65.0,-4.0
6080,162.0,109.0,-1.0,26.0,-16.0,30.0
6120,149.0,82.0,14.0,71.0,-21.0,93.0
6160,181.0,13.0,-25.0,65.0,8.0,-4.0
6200,180.0,103.0,31.0,-9.0,-40.0,228.0
6240,185.0,77.0,-66.0,-41.0,-48.0,24.0
6280,183.0,-19.0,-27.0,0.0,-44.0,40.0
6320,145.0,191.0,74.0,50.0,-57.0,26.0
6360,159.0,49.0,-103.0,75.0,-25.0,-35.0
6400,167.0,93.0,-23.0,103.0,-29.0,28.0
6440,126.0,162.0,-6.0,56.0,-38.0,144.0
6480,124.0,-25.0,-134.0,5.0,10.0,92.0
6520,95.0,68.0,-37.0,-48.0,34.0,250.0
6560,66.0,89.0,-102.0,-67.0,15.0,27.0
6600,63.0,-7.0,-111.0,5.0,19.0,-13.0
6640,42.0,111.0,24.0,4.0,29.0,37.0
6680,44.0,24.0,-99.0,23.0,54.0,-151.0
6720,58.0,-22.0,-55.0,60.0,66.0,-23.0
6760,24.0,128.0,32.0,-22.0,44.0,10.0
6800,19.0,-115.0,-125.0,-30.0,21.0,194.0
6840,-23.0,-10.0,-3.0,11.0,38.0,131.0
6880,-61.0,108.0,26.0,30.0,40.0,42.0
6920,-35.0,-20.0,-115.0,41.0,46.0,95.0
6960,-34.0,29.0,31.0,-15.0,68.0,27.0
7000,-59.0,67.0,65.0,3.0,46.0,13.0
7040,-63.0,-79.0,-74.0,68.0,74.0,-133.0
7080,-118.0,54.0,17.0,37.0,41.0,-44.0
7120,-116.0,6.0,-74.0,18.0,40.0,70.0
7160,-63.0,-98.0,-128.0,-6.0,72.0,-53.0
7200,-85.0,27.0,-54.0,-49.0,26.0,40.0
7240,-105.0,-64.0,-128.0,-51.0,39.0,-162.0
7280,-109.0,-64.0,-86.0,-38.0,77.0,-23.0
7320,-124.0,59.0,-8.0,12.0,62.0,-71.0
7360,-103.0,-129.0,-124.0,1.0,41.0,-101.0
7400,-95.0,-2.0,-31.0,-51.0,40.0,-76.0
7440,-87.0,45.0,-39.0,-103.0,9.0,92.0
7480,-40.0,-51.0,-106.0,-64.0,14.0,4.0
7520,-44.0,-3.0,50.0,13.0,3.0,15.0
7560,-56.0,105.0,-3.0,29.0,2.0,-35.0
7600,-21.0,-66.0,-92.0,36.0,77.0,-32.0
7640,-25.0,109.0,51.0,18.0,84.0,-1.0
7680,17.0,-3.0,-81.0,43.0,72.0,-45.0
7720,31.0,-38.0,-110.0,31.0,48.0,4.0
7760,2.0,115.0,-49.0,-47.0,12.0,124.0
7800,7.0,-56.0,-178.0,-35.0,10.0,-55.0
7840,37.0,37.0,-62.0,9.0,-25.0,-3.0
7880,49.0,111.0,-102.0,27.0,-45.0,-83.0
7920,100.0,-52.0,-219.0,37.0,-15.0,6.0
7960,101.0,50.0,-41.0,-8.0,-27.0,-16.0
8000,75.0,52.0,-148.0,-61.0,-72.0,61.0
8040,91.0,-23.0,-231.0,-15.0,-31.0,-61.0
8080,77.0,102.0,-74.0,16.0,36.0,32.0
8120,93.0,-47.0,-152.0,21.0,70.0,12.0
8160,106.0,24.0,-156.0,5.0,79.0,20.0
8200,90.0,92.0,-70.0,-29.0,5.0,42.0
8240,110.0,13.0,-119.0,5.0,-35.0,-31.0
8280,116.0,-81.0,-53.0,23.0,-55.0,24.0
8320,68.0,120.0,7.0,-12.0,-70.0,51.0
8360,75.0,-74.0,-174.0,-29.0,-60.0,9.0
8400,68.0,26.0,-7.0,-45.0,-67.0,-2.0
8440,39.0,18.0,-13.0,0.0,-69.0,3.0
8480,33.0,-103.0,-144.0,50.0,-26.0,-36.0
8520,-23.0,67.0,-16.0,33.0,-38.0,73.0
8560,-42.0,-28.0,-70.0,14.0,-11.0,-22.0
8600,-41.0,-85.0,-86.0,-6.0,51.0,27.0
8640,-82.0,53.0,-22.0,-38.0,15.0,21.0
8680,-77.0,30.0,-126.0,-35.0,-48.0,13.0
8720,-53.0,-81.0,-74.0,-11.0,-110.0,-107.0
8760,-102.0,99.0,57.0,-16.0,-162.0,-37.0
8800,-84.0,-120.0,-128.0,-2.0,-133.0,-98.0
8840,-93.0,-33.0,16.0,-36.0,-94.0,46.0
8880,-126.0,47.0,26.0,-67.0,-77.0,16.0
8920,-119.0,-117.0,-68.0,-46.0,-56.0,-27.0
8960,-146.0,53.0,113.0,-14.0,-38.0,-2.0
9000,-160.0,-7.0,31.0,12.0,-20.0,-1.0
9040,-139.0,-68.0,33.0,22.0,-17.0,-45.0
9080,-153.0,50.0,179.0,-17.0,-82.0,58.0
9120,-156.0,-22.0,29.0,-32.0,-121.0,2.0
9160,-136.0,-35.0,80.0,-41.0,-133.0,122.0
9200,-166.0,78.0,142.0,-47.0,-162.0,5.0
9240,-156.0,-60.0,0.0,-47.0,-141.0,73.0
9280,-156.0,-42.0,115.0,-43.0,-102.0,-19.0
9320,-170.0,55.0,136.0,-37.0,-78.0,64.0
9360,-142.0,-97.0,5.0,12.0,-30.0,-85.0
9400,-161.0,48.0,163.0,17.0,-44.0,7.0
9440,-150.0,-16.0,69.0,1.0,-90.0,-7.0
9480,-120.0,-88.0,-2.0,-12.0,-90.0,-6.0
9520,-146.0,31.0,141.0,-16.0,-104.0,-17.0
9560,-155.0,-12.0,54.0,-5.0,-115.0,-26.0
9600,-130.0,-78.0,58.0,16.0,-115.0,-48.0
9640,-152.0,73.0,188.0,3.0,-120.0,3.0
9680,-125.0,-33.0,37.0,11.0,-103.0,-43.0
9720,-104.0,-42.0,100.0,20.0,-88.0,26.0
9760,-127.0,96.0,115.0,14.0,-95.0,48.0
9800,-107.0,-134.0,-42.0,32.0,-64.0,-25.0
9840,-118.0,113.0,123.0,30.0,-53.0,41.0
9880,-114.0,-65.0,9.0,24.0,-53.0,-29.0
9920,-86.0,-6.0,6.0,53.0,-23.0,-89.0
9960,-71.0,-62.0,72.0,45.0,-49.0,-61.0
10000,-75.0,53.0,0.0,20.0,-89.0,-59.0
10040,-32.0,-181.0,-55.0,-19.0,-93.0,-3.0
10080,-51.0,138.0,94.0,-39.0,-130.0,-6.0
10120,0.0,-110.0,-117.0,35.0,-124.0,-76.0
10160,-2.0,32.0,-4.0,59.0,-96.0,48.0
10200,-13.0,-12.0,29.0,30.0,-71.0,38.0
10240,-15.0,-39.0,-30.0,34.0,-10.0,-15.0
10280,-25.0,31.0,38.0,54.0,11.0,-132.0
10320,-26.0,90.0,27.0,100.0,-17.0,7.0
10360,27.0,-83.0,-50.0,103.0,-20.0,-74.0
10400,10.0,39.0,124.0,39.0,-46.0,56.0
10440,0.0,13.0,31.0,1.0,-54.0,-24.0
10480,-4.0,-76.0,5.0,-3.0,-18.0,56.0
10520,-42.0,97.0,140.0,13.0,-28.0,96.0
10560,-36.0,-13.0,3.0,32.0,-15.0,49.0
10600,-5.0,-20.0,60.0,32.0,-10.0,18.0
10640,-35.0,101.0,127.0,-1.0,-51.0,168.0
10680,-39.0,-66.0,-37.0,-8.0,-43.0,99.0
10720,-61.0,72.0,110.0,-30.0,-17.0,97.0
10760,-70.0,105.0,80.0,-7.0,-12.0,80.0
10800,-50.0,-15.0,18.0,49.0,20.0,10.0
10840,-62.0,107.0,114.0,49.0,-2.0,94.0
10880,-63.0,56.0,32.0,37.0,-12.0,0.0
10920,-42.0,-47.0,-17.0,10.0,17.0,58.0
10960,-80.0,64.0,106.0,-28.0,-3.0,63.0
11000,-94.0,6.0,-23.0,-20.0,-3.0,28.0
11040,-92.0,-45.0,39.0,1.0,-13.0,-18.0
11080,-127.0,142.0,141.0,3.0,-51.0,49.0
11120,-93.0,-40.0,-3.0,14.0,-29.0,-28.0
11160,-95.0,44.0,132.0,17.0,-3.0,-7.0
11200,-119.0,92.0,119.0,35.0,-1.0,20.0
11240,-102.0,-10.0,-2.0,25.0,38.0,24.0
11280,-120.0,35.0,111.0,-20.0,30.0,131.0
11320,-123.0,84.0,76.0,-48.0,15.0,68.0
11360,-90.0,-98.0,8.0,-18.0,24.0,-32.0
11400,-121.0,109.0,141.0,-9.0,-14.0,74.0
11440,-118.0,-35.0,-8.0,14.0,6.0,-157.0
11480,-90.0,-45.0,35.0,45.0,23.0,-106.0
11520,-78.0,42.0,110.0,15.0,-23.0,-5.0
11560,-61.0,-140.0,-115.0,-28.0,-48.0,-68.0
11600,-57.0,-45.0,-1.0,-41.0,-84.0,-34.0
11640,-81.0,1.0,47.0,-37.0,-80.0,-103.0
11680,-63.0,-161.0,-72.0,6.0,-23.0,-187.0
11720,-90.0,-29.0,33.0,38.0,3.0,1.0
11760,-94.0,1.0,28.0,27.0,11.0,-140.0
11800,-56.0,-131.0,-45.0,28.0,30.0,-89.0
11840,-69.0,6.0,66.0,-22.0,-5.0,2.0
11880,-70.0,-111.0,-23.0,-64.0,-32.0,46.0
11920,-59.0,-95.0,17.0,-41.0,-28.0,-72.0
11960,-72.0,104.0,95.0,-58.0,-43.0,28.0
12000,-38.0,-73.0,-42.0,-7.0,-36.0,-99.0
12040,-24.0,-79.0,82.0,10.0,8.0,-76.0
12080,-49.0,65.0,121.0,-2.0,29.0,-118.0
12120,-18.0,-129.0,-79.0,9.0,58.0,-54.0
12160,-31.0,-30.0,33.0,-33.0,62.0,28.0
12200,-37.0,4.0,52.0,-62.0,27.0,-29.0
12240,3.0,-100.0,-78.0,-57.0,-15.0,-16.0
12280,-13.0,66.0,-5.0,-52.0,-63.0,25.0
12320,-17.0,18.0,-57.0,-22.0,-52.0,-40.0
12360,23.0,-78.0,9.0,-5.0,16.0,-123.0
12400,12.0,66.0,97.0,-21.0,5.0,32.0
12440,15.0,-51.0,-138.0,-36.0,21.0,-22.0
12480,28.0,-65.0,0.0,-41.0,41.0,-22.0
12520,-13.0,87.0,90.0,-37.0,42.0,49.0
12560,0.0,-141.0,-94.0,-32.0,76.0,34.0
12600,-21.0,8.0,68.0,-38.0,79.0,41.0
12640,-36.0,26.0,85.0,-31.0,48.0,18.0
12680,-14.0,-78.0,8.0,-12.0,65.0,-89.0
12720,-20.0,49.0,106.0,-9.0,42.0,3.0
12760,-16.0,-10.0,18.0,-22.0,10.0,-28.0
12800,14.0,-82.0,5.0,-50.0,6.0,32.0
12840,-22.0,23.0,72.0,-83.0,-14.0,17.0
12880,-24.0,-34.0,-29.0,-55.0,13.0,-4.0
12920,-9.0,-77.0,1.0,0.0,64.0,-59.0
12960,-32.0,60.0,93.0,0.0,69.0,16.0
13000,-14.0,-108.0,-64.0,-7.0,84.0,-72.0
13040,-31.0,-42.0,29.0,-18.0,58.0,-39.0
13080,-64.0,25.0,27.0,-18.0,12.0,-68.0
13120,-46.0,-98.0,-137.0,5.0,13.0,-104.0
13160,-33.0,-68.0,10.0,-3.0,-2.0,-48.0
13200,-41.0,8.0,-40.0,-22.0,-18.0,-34.0
13240,13.0,-190.0,-143.0,-17.0,-2.0,-109.0
13280,-3.0,61.0,50.0,-44.0,-13.0,0.0
13320,4.0,-136.0,-113.0,-23.0,0.0,-56.0
13360,9.0,-57.0,-55.0,2.0,37.0,-41.0
13400,-14.0,48.0,41.0,7.0,31.0,8.0
13440,9.0,-52.0,-89.0,10.0,39.0,-4.0
13480,43.0,-29.0,-1.0,7.0,24.0,54.0
13520,35.0,106.0,13.0,-22.0,-38.0,80.0
13560,87.0,-110.0,-64.0,-30.0,-43.0,35.0
13600,69.0,113.0,119.0,-31.0,-41.0,70.0
13640,73.0,33.0,-6.0,1.0,-23.0,-35.0
13680,91.0,-18.0,-39.0,55.0,27.0,-94.0
13720,62.0,75.0,57.0,37.0,23.0,19.0
13760,57.0,23.0,-84.0,2.0,26.0,14.0
13800,63.0,-53.0,-89.0,-14.0,25.0,-6.0
13840,25.0,103.0,29.0,-15.0,-34.0,23.0
13880,43.0,-36.0,-128.0,18.0,-58.0,-3.0
13920,61.0,7.0,-40.0,20.0,-40.0,39.0
13960,31.0,105.0,23.0,-4.0,-39.0,27.0
14000,48.0,-27.0,-92.0,-2.0,-19.0,-6.0
14040,37.0,57.0,0.0,-4.0,-34.0,63.0
14080,19.0,70.0,-12.0,-6.0,-65.0,78.0
14120,43.0,-40.0,-54.0,23.0,-47.0,30.0
14160,32.0,82.0,64.0,39.0,-61.0,109.0
14200,37.0,83.0,-60.0,33.0,-47.0,79.0
14240,69.0,-48.0,-39.0,43.0,-10.0,16.0
14280,35.0,139.0,118.0,22.0,-26.0,76.0
14320,37.0,-42.0,-74.0,21.0,-34.0,8.0
14360,26.0,58.0,-25.0,45.0,-39.0,2.0
14400,25.0,142.0,26.0,45.0,-77.0,22.0
14440,50.0,-38.0,-110.0,49.0,-68.0,-9.0
14480,31.0,21.0,15.0,14.0,-68.0,57.0
14520,-13.0,118.0,-41.0,-16.0,-68.0,30.0
14560,1.0,-87.0,-162.0,26.0,-24.0,-59.0
14600,-29.0,109.0,27.0,49.0,-20.0,15.0
14640,-21.0,-36.0,-98.0,64.0,-28.0,-31.0
14680,15.0,-43.0,-102.0,65.0,-18.0,-5.0
14720,-21.0,30.0,-26.0,31.0,-62.0,30.0
14760,-47.0,-56.0,-119.0,27.0,-85.0,3.0
14800,-44.0,-55.0,-58.0,23.0,-90.0,53.0
14840,-57.0,107.0,-44.0,-12.0,-115.0,78.0
14880,-9.0,-70.0,-109.0,1.0,-94.0,7.0
14920,-18.0,21.0,39.0,15.0,-70.0,26.0
14960,-37.0,79.0,12.0,22.0,-52.0,1.0
15000,-33.0,-59.0,-86.0,34.0,-3.0,15.0
15040,-49.0,99.0,53.0,21.0,-13.0,98.0
15080,-59.0,6.0,-21.0,0.0,-33.0,72.0
15120,-48.0,34.0,-84.0,15.0,-32.0,-5.0
15160,-62.0,33.0,-7.0,14.0,-71.0,90.0
15200,-44.0,89.0,-25.0,23.0,-72.0,16.0
15240,-34.0,-147.0,-80.0,19.0,-63.0,-9.0
15280,-78.0,226.0,94.0,-16.0,-94.0,34.0
15320,-51.0,-118.0,-147.0,-7.0,-73.0,2.0
15360,-56.0,76.0,8.0,5.0,-47.0,26.0
15400,-64.0,23.0,-1.0,-10.0,-53.0,40.0
15440,-51.0,-30.0,-105.0,27.0,-29.0,-14.0
15480,-46.0,26.0,28.0,37.0,-22.0,97.0
15520,-56.0,82.0,4.0,25.0,-34.0,11.0
15560,-8.0,-108.0,-54.0,19.0,-22.0,55.0
15600,-57.0,130.0,91.0,-35.0,-39.0,89.0
15640,-40.0,21.0,-78.0,-38.0,-44.0,34.0
15680,-20.0,0.0,-32.0,6.0,-36.0,-8.0
15720,-10.0,163.0,80.0,0.0,-65.0,32.0
15760,23.0,-71.0,-100.0,40.0,-25.0,-57.0
15800,29.0,74.0,-10.0,46.0,-9.0,20.0
15840,5.0,10.0,3.0,-9.0,-43.0,9.0
15880,26.0,46.0,-94.0,-21.0,-16.0,-27.0
15920,57.0,-20.0,-60.0,-21.0,-10.0,-24.0
15960,46.0,146.0,-33.0,28.0,-11.0,-74.0
16000,80.0,-112.0,-170.0,78.0,18.0,-103.0
16040,67.0,134.0,14.0,11.0,13.0,26.0
16080,104.0,-39.0,-105.0,-45.0,-7.0,15.0
16120,122.0,-59.0,-116.0,-51.0,-28.0,22.0
16160,107.0,86.0,15.0,-47.0,-64.0,32.0
16200,105.0,-10.0,-150.0,-19.0,-42.0,19.0
16240,119.0,-47.0,-53.0,6.0,20.0,-1.0
16280,76.0,124.0,35.0,22.0,32.0,-22.0
16320,99.0,-134.0,-162.0,33.0,55.0,-50.0
16360,73.0,47.0,22.0,21.0,50.0,-67.0
16400,60.0,68.0,-36.0,14.0,6.0,-18.0
16440,85.0,-117.0,-141.0,20.0,-10.0,-50.0
16480,37.0,94.0,3.0,-22.0,-62.0,78.0
16520,27.0,-56.0,-111.0,-44.0,-55.0,9.0
16560,17.0,-36.0,-94.0,-40.0,27.0,-42.0
16600,-23.0,66.0,4.0,-14.0,53.0,4.0
16640,-26.0,13.0,-114.0,11.0,60.0,-24.0
16680,8.0,-84.0,-64.0,-1.0,65.0,-2.0
16720,-15.0,142.0,41.0,-27.0,24.0,41.0
16760,10.0,-117.0,-144.0,-15.0,25.0,-18.0
16800,2.0,50.0,-8.0,-16.0,36.0,38.0
16840,-16.0,22.0,-16.0,-40.0,20.0,53.0
16880,17.0,-67.0,-65.0,-40.0,45.0,-20.0
16920,13.0,51.0,32.0,-25.0,23.0,26.0
16960,19.0,43.0,-33.0,-18.0,-2.0,-11.0
17000,36.0,-93.0,-51.0,-11.0,19.0,-27.0
17040,0.0,62.0,101.0,-65.0,2.0,83.0
17080,-15.0,25.0,-79.0,-68.0,20.0,33.0
17120,4.0,-69.0,-20.0,-32.0,46.0,5.0
17160,-35.0,178.0,116.0,-10.0,48.0,5.0
17200,-9.0,-95.0,-107.0,19.0,77.0,3.0
17240,-29.0,68.0,50.0,18.0,90.0,-8.0
17280,-51.0,16.0,46.0,-14.0,67.0,4.0
17320,-45.0,-19.0,-55.0,-7.0,60.0,-49.0
17360,-65.0,-20.0,23.0,-15.0,46.0,19.0
17400,-97.0,84.0,19.0,-36.0,39.0,30.0
17440,-66.0,-152.0,-50.0,-45.0,57.0,-3.0
17480,-104.0,131.0,126.0,-64.0,35.0,47.0
17520,-87.0,-96.0,-40.0,-36.0,21.0,-51.0
17560,-59.0,0.0,61.0,14.0,30.0,-94.0
17600,-61.0,28.0,98.0,11.0,13.0,-14.0
17640,-48.0,-47.0,-28.0,-5.0,48.0,-42.0
17680,-37.0,-59.0,5.0,-46.0,31.0,34.0
17720,-28.0,61.0,94.0,-57.0,-29.0,41.0
17760,8.0,-89.0,-75.0,-24.0,-27.0,11.0
17800,8.0,-14.0,73.0,-12.0,-21.0,13.0
17840,-10.0,67.0,22.0,17.0,-10.0,-47.0
17880,30.0,-143.0,-51.0,18.0,35.0,8.0
17920,-9.0,70.0,107.0,-36.0,23.0,72.0
17960,7.0,-12.0,-38.0,-69.0,14.0,33.0
18000,29.0,-28.0,-9.0,-12.0,24.0,-82.0
18040,8.0,130.0,140.0,31.0,-9.0,35.0
18080,21.0,-51.0,-59.0,44.0,-35.0,21.0
18120,32.0,-10.0,85.0,32.0,-56.0,11.0
18160,7.0,112.0,132.0,10.0,-80.0,28.0
18200,16.0,-68.0,-56.0,15.0,-42.0,-51.0
18240,-9.0,15.0,54.0,18.0,-30.0,36.0
18280,-18.0,62.0,86.0,20.0,-56.0,87.0
18320,11.0,-89.0,-43.0,4.0,-51.0,-25.0
18360,-9.0,72.0,116.0,-54.0,-71.0,45.0
18400,-35.0,-8.0,8.0,-5.0,-75.0,-34.0
18440,-56.0,-116.0,-11.0,60.0,-23.0,-73.0
18480,-83.0,130.0,145.0,53.0,-7.0,-48.0
18520,-56.0,-102.0,-42.0,40.0,-8.0,-47.0
18560,-47.0,-8.0,86.0,29.0,-1.0,-15.0
18600,-87.0,44.0,111.0,19.0,-26.0,18.0
18640,-79.0,-105.0,-30.0,35.0,-1.0,-24.0
18680,-107.0,-40.0,98.0,27.0,17.0,9.0
18720,-120.0,76.0,99.0,-8.0,-10.0,46.0
18760,-72.0,-143.0,1.0,-4.0,-17.0,-51.0
18800,-77.0,80.0,148.0,6.0,-39.0,-21.0
18840,-78.0,-55.0,18.0,25.0,-24.0,-74.0
18880,-78.0,-54.0,76.0,2.0,30.0,-61.0
18920,-101.0,0.0,138.0,-49.0,5.0,62.0
18960,-95.0,-2.0,21.0,-56.0,2.0,28.0
19000,-79.0,-113.0,57.0,-48.0,32.0,-35.0
19040,-123.0,146.0,148.0,-8.0,47.0,-22.0
19080,-91.0,-137.0,-31.0,66.0,88.0,-103.0
19120,-102.0,21.0,107.0,71.0,73.0,-11.0
19160,-105.0,-28.0,61.0,0.0,-1.0,31.0
19200,-116.0,-106.0,6.0,-74.0,-22.0,67.0
19240,-133.0,-19.0,109.0,-78.0,-26.0,28.0
19280,-145.0,52.0,43.0,-30.0,-34.0,15.0
19320,-110.0,-68.0,5.0,35.0,-6.0,-72.0
19360,-128.0,55.0,162.0,12.0,4.0,65.0
19400,-104.0,-35.0,31.0,-23.0,42.0,3.0
19440,-106.0,-78.0,46.0,-23.0,79.0,-68.0
19480,-139.0,110.0,132.0,-14.0,32.0,55.0
19520,-115.0,-84.0,-18.0,10.0,2.0,3.0
19560,-101.0,14.0,96.0,-4.0,-29.0,62.0
19600,-103.0,112.0,102.0,-29.0,-76.0,19.0
19640,-80.0,-91.0,-73.0,-3.0,-50.0,-76.0
19680,-98.0,64.0,119.0,18.0,-28.0,-40.0
19720,-103.0,45.0,20.0,55.0,-32.0,-77.0
19760,-45.0,-58.0,-84.0,76.0,-16.0,-59.0
19800,-56.0,80.0,38.0,11.0,-57.0,44.0
19840,-46.0,-49.0,-67.0,-34.0,-76.0,11.0
19880,-55.0,-65.0,-66.0,-31.0,-43.0,-30.0
19920,-87.0,88.0,56.0,7.0,-35.0,-63.0
19960,-55.0,-44.0,-66.0,60.0,-15.0,-82.0
20000,-24.0,-60.0,26.0,65.0,-16.0,-73.0
20040,-26.0,109.0,63.0,20.0,-52.0,-47.0
20080,18.0,-139.0,-102.0,6.0,-55.0,-109.0
20120,-2.0,26.0,28.0,16.0,-80.0,-2.0
20160,-10.0,7.0,-20.0,37.0,-94.0,-61.0
20200,16.0,-150.0,-112.0,38.0,-42.0,-64.0
20240,10.0,36.0,46.0,14.0,-23.0,-71.0
20280,24.0,-64.0,-88.0,-4.0,-29.0,-27.0
20320,47.0,-135.0,-101.0,-24.0,-47.0,-93.0
20360,23.0,79.0,31.0,-27.0,-113.0,16.0
20400,26.0,-18.0,-102.0,5.0,-85.0,-79.0
20440,14.0,2.0,-75.0,1.0,-18.0,32.0
20480,-19.0,80.0,-5.0,-39.0,-20.0,137.0
20520,5.0,-37.0,-96.0,-69.0,26.0,58.0
20560,22.0,-26.0,22.0,-75.0,17.0,58.0
20600,-4.0,126.0,32.0,-42.0,-43.0,112.0
20640,30.0,-92.0,-53.0,33.0,-59.0,-27.0
20680,10.0,111.0,111.0,56.0,-65.0,71.0
20720,-4.0,19.0,-56.0,28.0,-52.0,44.0
20760,-34.0,-82.0,-57.0,-31.0,-16.0,132.0
20800,-75.0,92.0,126.0,-62.0,-12.0,157.0
20840,-60.0,44.0,-51.0,-39.0,-1.0,51.0
20880,-22.0,-6.0,-2.0,-5.0,-18.0,76.0
20920,-46.0,185.0,135.0,-38.0,-65.0,142.0
20960,-21.0,-27.0,-68.0,-34.0,-71.0,74.0
21000,-39.0,143.0,56.0,0.0,-78.0,-10.0
21040,-62.0,111.0,17.0,-60.0,-66.0,127.0
21080,-37.0,-24.0,-84.0,-22.0,-1.0,37.0
21120,-52.0,91.0,43.0,4.0,12.0,89.0
21160,-45.0,78.0,-21.0,-4.0,-28.0,151.0
21200,-14.0,-45.0,-72.0,-41.0,-58.0,194.0
21240,-33.0,92.0,84.0,-99.0,-78.0,155.0
21280,-35.0,75.0,24.0,-30.0,-67.0,-79.0
21320,-11.0,-51.0,27.0,75.0,-35.0,-22.0
21360,-45.0,167.0,95.0,106.0,-33.0,-95.0
21400,-2.0,-98.0,-36.0,87.0,-19.0,-88.0
21440,12.0,-3.0,113.0,10.0,-23.0,0.0
21480,-16.0,-25.0,29.0,-46.0,-72.0,51.0
21520,-12.0,-86.0,-84.0,-24.0,-63.0,-47.0
21560,-41.0,-45.0,87.0,1.0,-48.0,-68.0
21600,-62.0,54.0,55.0,22.0,-8.0,-118.0
21640,-51.0,-132.0,-130.0,65.0,61.0,-139.0
21680,-44.0,27.0,90.0,57.0,5.0,-135.0
21720,-34.0,-112.0,-39.0,31.0,-40.0,-116.0
21760,-12.0,-82.0,-54.0,-7.0,-58.0,-76.0
21800,-51.0,-58.0,1.0,-56.0,-105.0,9.0
21840,-40.0,-62.0,-57.0,-26.0,-74.0,-124.0
21880,-38.0,-112.0,-26.0,-9.0,-30.0,-102.0
21920,-38.0,111.0,54.0,-19.0,17.0,-82.0
21960,12.0,-185.0,-115.0,10.0,67.0,-135.0
22000,-2.0,41.0,97.0,15.0,53.0,-96.0
22040,10.0,-25.0,3.0,18.0,11.0,-42.0
22080,33.0,-112.0,-107.0,-24.0,-32.0,126.0
22120,31.0,46.0,84.0,-103.0,-50.0,164.0
22160,17.0,49.0,6.0,-106.0,-43.0,92.0
22200,47.0,-7.0,36.0,7.0,-4.0,-64.0
22240,8.0,79.0,159.0,93.0,38.0,6.0
22280,35.0,-40.0,30.0,141.0,90.0,-187.0
22320,59.0,-34.0,52.0,83.0,89.0,243.0
22360,66.0,99.0,24.0,12.0,46.0,75.0
22400,76.0,-177.0,-141.0,-50.0,40.0,182.0
22440,26.0,88.0,59.0,-56.0,35.0,28.0
22480,-13.0,-26.0,-32.0,32.0,42.0,49.0
22520,-8.0,-64.0,-42.0,-5.0,66.0,-103.0
22560,-16.0,47.0,99.0,-42.0,54.0,-59.0
22600,30.0,56.0,50.0,-58.0,27.0,4.0
22640,54.0,-35.0,-27.0,-29.0,54.0,174.0
22680,9.0,83.0,37.0,-10.0,-7.0,96.0
22720,-26.0,-27.0,-3.0,-9.0,-31.0,194.0
22760,-29.0,35.0,65.0,17.0,59.0,-18.0
22800,-35.0,109.0,73.0,1.0,100.0,188.0
22840,11.0,33.0,-26.0,72.0,102.0,-83.0
22880,49.0,-6.0,58.0,106.0,97.0,-79.0
22920,25.0,113.0,62.0,62.0,59.0,-69.0
22960,18.0,-145.0,-120.0,60.0,20.0,-113.0
23000,-14.0,29.0,-11.0,36.0,-16.0,-52.0
23040,14.0,-51.0,-89.0,9.0,-16.0,-124.0
23080,51.0,-119.0,-101.0,-22.0,-11.0,-43.0
23120,50.0,70.0,3.0,-16.0,-14.0,-58.0
23160,60.0,-31.0,-119.0,19.0,-8.0,-132.0
23200,51.0,-82.0,-61.0,62.0,20.0,-166.0
23240,9.0,28.0,14.0,32.0,-1.0,-32.0
23280,47.0,-132.0,-106.0,-17.0,29.0,5.0
23320,35.0,-19.0,-50.0,-64.0,13.0,53.0
23360,33.0,89.0,-9.0,-96.0,-70.0,63.0
23400,55.0,-76.0,-91.0,-83.0,-94.0,36.0
23440,37.0,-4.0,86.0,-56.0,-76.0,18.0
23480,11.0,78.0,59.0,-10.0,-65.0,-51.0
23520,44.0,-131.0,-69.0,45.0,-28.0,-53.0
23560,18.0,92.0,96.0,11.0,-36.0,106.0
23600,23.0,-30.0,-65.0,-21.0,-43.0,-13.0
23640,6.0,-18.0,-67.0,-46.0,-66.0,93.0
23680,-12.0,130.0,39.0,-35.0,-114.0,-41.0
23720,-10.0,23.0,-62.0,44.0,-110.0,35.0
23760,-5.0,21.0,41.0,93.0,-72.0,-43.0
23800,-19.0,177.0,71.0,13.0,-86.0,116.0
23840,27.0,-80.0,-136.0,-59.0,-61.0,58.0
23880,12.0,153.0,64.0,-85.0,-75.0,67.0
23920,18.0,79.0,-22.0,-35.0,-95.0,77.0
23960,41.0,-20.0,-72.0,6.0,-77.0,64.0
24000,32.0,84.0,74.0,-38.0,-80.0,145.0
24040,43.0,57.0,33.0,-72.0,-67.0,138.0
24080,75.0,-50.0,-16.0,-64.0,-28.0,33.0
24120,60.0,141.0,87.0,-10.0,-32.0,49.0
24160,83.0,7.0,-44.0,61.0,-39.0,-43.0
24200,83.0,-18.0,-34.0,54.0,-52.0,-7.0
24240,76.0,115.0,-1.0,-2.0,-94.0,55.0
24280,124.0,-99.0,-134.0,-10.0,-96.0,-21.0
24320,126.0,35.0,6.0,-12.0,-69.0,51.0
24360,102.0,63.0,-48.0,-1.0,-49.0,-1.0
24400,114.0,-89.0,-164.0,38.0,15.0,-46.0
24440,91.0,32.0,3.0,64.0,64.0,-44.0
24480,87.0,27.0,-139.0,67.0,97.0,-30.0
24520,129.0,-190.0,-182.0,67.0,106.0,-30.0
24560,105.0,83.0,26.0,19.0,39.0,-4.0
24600,139.0,-129.0,-183.0,1.0,-27.0,-46.0
24640,143.0,-55.0,-123.0,-4.0,-53.0,-64.0
24680,125.0,18.0,-11.0,1.0,-62.0,-79.0
24720,149.0,-126.0,-138.0,15.0,0.0,-141.0
24760,136.0,-75.0,-77.0,-6.0,45.0,-118.0
24800,101.0,-14.0,-88.0,-48.0,46.0,-43.0
24840,123.0,-181.0,-192.0,-50.0,55.0,-69.0
24880,111.0,-38.0,-43.0,-75.0,11.0,21.0
24920,94.0,18.0,-119.0,-74.0,-29.0,25.0
24960,98.0,-147.0,-172.0,-45.0,-24.0,31.0
25000,51.0,131.0,36.0,-2.0,-22.0,15.0
25040,59.0,-23.0,-103.0,33.0,11.0,2.0
25080,73.0,-29.0,-68.0,25.0,23.0,39.0
25120,55.0,111.0,30.0,-22.0,3.0,108.0
25160,65.0,-45.0,-130.0,-6.0,9.0,8.0
25200,49.0,43.0,-12.0,24.0,22.0,10.0
25240,13.0,85.0,-24.0,59.0,10.0,13.0
25280,47.0,-13.0,-117.0,64.0,32.0,-39.0
25320,43.0,-2.0,42.0,26.0,24.0,-6.0
25360,21.0,98.0,39.0,-14.0,13.0,-11.0
25400,32.0,-136.0,-92.0,-7.0,36.0,-26.0
25440,-8.0,120.0,106.0,5.0,12.0,-6.0
25480,0.0,-25.0,-53.0,15.0,-25.0,18.0
25520,13.0,-8.0,-19.0,-29.0,-46.0,45.0
25560,-15.0,65.0,84.0,-36.0,-58.0,66.0
25600,-30.0,30.0,-6.0,-34.0,-11.0,40.0
25640,-26.0,-61.0,35.0,18.0,42.0,-21.0
25680,-88.0,151.0,83.0,41.0,72.0,61.0
25720,-69.0,-102.0,-71.0,44.0,98.0,-63.0
25760,-83.0,71.0,72.0,39.0,90.0,-68.0
25800,-77.0,4.0,-47.0,1.0,49.0,12.0
25840,-69.0,-93.0,-106.0,31.0,62.0,-179.0
25880,-100.0,29.0,74.0,49.0,62.0,-23.0
25920,-119.0,-26.0,-53.0,9.0,64.0,-94.0
25960,-92.0,-109.0,-72.0,22.0,67.0,-151.0
26000,-108.0,65.0,94.0,19.0,32.0,-65.0
26040,-79.0,-69.0,-70.0,32.0,15.0,-210.0
26080,-81.0,-89.0,-30.0,47.0,49.0,33.0
26120,-121.0,64.0,20.0,39.0,98.0,-127.0
26160,-84.0,-160.0,-104.0,28.0,112.0,-65.0
26200,-88.0,-14.0,25.0,27.0,83.0,48.0
26240,-94.0,-29.0,-60.0,-26.0,62.0,-4.0
26280,-50.0,-135.0,-104.0,-17.0,44.0,47.0
26320,-59.0,42.0,69.0,-31.0,61.0,-82.0
26360,-40.0,-40.0,-30.0,-43.0,78.0,-2.0
26400,-51.0,-161.0,-112.0,-30.0,86.0,-3.0
26440,-118.0,25.0,-3.0,-41.0,59.0,-40.0
26480,-57.0,83.0,30.0,-70.0,31.0,60.0
26520,-1.0,-76.0,-97.0,-16.0,42.0,10.0
26560,-23.0,118.0,54.0,15.0,7.0,168.0
26600,-29.0,-44.0,38.0,29.0,38.0,83.0
26640,-45.0,55.0,54.0,-3.0,75.0,191.0
26680,-71.0,178.0,-4.0,-18.0,37.0,108.0
26720,-8.0,80.0,48.0,33.0,8.0,24.0
26760,29.0,98.0,122.0,67.0,-22.0,136.0
26800,22.0,43.0,-50.0,49.0,-35.0,124.0
26840,25.0,-30.0,40.0,25.0,-3.0,83.0
26880,-14.0,126.0,178.0,-22.0,-12.0,115.0
26920,-20.0,44.0,-86.0,-31.0,-16.0,-12.0
26960,5.0,20.0,47.0,11.0,-30.0,58.0
27000,28.0,101.0,118.0,8.0,-57.0,25.0
27040,56.0,-33.0,-71.0,21.0,-72.0,-8.0
27080,26.0,112.0,82.0,12.0,-82.0,69.0
27120,7.0,61.0,81.0,-43.0,-80.0,99.0
27160,7.0,2.0,-23.0,-40.0,-24.0,21.0
27200,-22.0,140.0,99.0,-27.0,-10.0,75.0
27240,5.0,131.0,68.0,-26.0,-16.0,-30.0
27280,53.0,-9.0,-5.0,-5.0,12.0,17.0
27320,9.0,74.0,116.0,41.0,-9.0,-95.0
27360,-7.0,-11.0,60.0,66.0,-38.0,-42.0
27400,-3.0,-99.0,36.0,45.0,-33.0,-72.0
27440,-41.0,79.0,125.0,-1.0,-37.0,-76.0
27480,-14.0,-114.0,-50.0,-1.0,-33.0,-68.0
27520,-20.0,-85.0,17.0,29.0,-38.0,-134.0
27560,-36.0,21.0,70.0,45.0,-35.0,-163.0
27600,-30.0,-178.0,-65.0,2.0,-1.0,-11.0
27640,-69.0,-130.0,34.0,-79.0,19.0,-57.0
27680,-105.0,64.0,53.0,-46.0,3.0,-32.0
27720,-61.0,-193.0,-97.0,3.0,-25.0,-29.0
27760,-70.0,29.0,79.0,-36.0,-45.0,88.0
27800,-93.0,-85.0,-18.0,-96.0,-42.0,31.0
27840,-97.0,-58.0,49.0,-83.0,-5.0,-46.0
27880,-146.0,90.0,83.0,-53.0,-7.0,18.0
27920,-111.0,5.0,11.0,-25.0,-8.0,6.0
27960,-76.0,-94.0,114.0,-16.0,1.0,16.0
28000,-97.0,156.0,153.0,-38.0,-31.0,61.0
28040,-86.0,-9.0,-29.0,-38.0,-33.0,58.0
28080,-133.0,57.0,125.0,-16.0,-25.0,46.0
28120,-134.0,93.0,165.0,-17.0,-42.0,133.0
28160,-87.0,-16.0,25.0,-15.0,-21.0,22.0
28200,-75.0,81.0,120.0,-28.0,-37.0,154.0
28240,-99.0,120.0,61.0,7.0,-22.0,4.0
28280,-55.0,-42.0,58.0,34.0,-3.0,73.0
28320,-69.0,172.0,153.0,-10.0,-52.0,208.0
28360,-28.0,13.0,-47.0,-70.0,-89.0,168.0
28400,-12.0,50.0,74.0,-73.0,-100.0,50.0
28440,-22.0,169.0,174.0,-14.0,-103.0,81.0
28480,15.0,-9.0,-45.0,25.0,-53.0,24.0
28520,26.0,39.0,101.0,12.0,-31.0,80.0
28560,18.0,97.0,149.0,-31.0,-72.0,30.0
28600,55.0,-37.0,-3.0,-8.0,-66.0,-18.0
28640,39.0,69.0,95.0,30.0,-78.0,2.0
28680,44.0,40.0,75.0,21.0,-72.0,15.0
28720,72.0,-124.0,18.0,12.0,-33.0,-37.0
28760,32.0,128.0,102.0,-1.0,-50.0,21.0
28800,50.0,10.0,-1.0,50.0,-46.0,-95.0
28840,56.0,-74.0,30.0,50.0,-58.0,96.0
28880,27.0,64.0,82.0,-28.0,-73.0,30.0
28920,27.0,-58.0,-91.0,-7.0,-58.0,-169.0
28960,31.0,-66.0,31.0,3.0,-62.0,-13.0
29000,-2.0,60.0,7.0,-33.0,-67.0,13.0
29040,41.0,-165.0,-162.0,-39.0,-68.0,38.0
29080,39.0,33.0,55.0,-22.0,-63.0,-113.0
29120,10.0,-24.0,-46.0,11.0,-86.0,-139.0
29160,31.0,-90.0,-140.0,48.0,-61.0,-122.0
29200,24.0,-62.0,41.0,27.0,-70.0,-42.0
29240,24.0,-6.0,-47.0,-36.0,-79.0,-39.0
29280,37.0,-131.0,-123.0,-52.0,-71.0,-85.0
29320,-10.0,52.0,60.0,-31.0,-88.0,-46.0
29360,-6.0,-84.0,-56.0,30.0,-77.0,-53.0
29400,2.0,-73.0,27.0,32.0,-83.0,1.0
29440,-22.0,69.0,74.0,-28.0,-102.0,119.0
29480,-17.0,-154.0,-30.0,-41.0,-37.0,-57.0
29520,-72.0,66.0,125.0,4.0,22.0,-4.0
29560,-103.0,22.0,42.0,13.0,2.0,92.0
29600,-94.0,-166.0,-45.0,-1.0,0.0,94.0
29640,-104.0,77.0,181.0,12.0,-56.0,-2.0
29680,-108.0,-78.0,18.0,-21.0,-112.0,105.0
29720,-101.0,-71.0,33.0,-4.0,-99.0,6.0
29760,-148.0,-1.0,133.0,24.0,-99.0,23.0
29800,-147.0,-46.0,74.0,23.0,-71.0,-104.0
29840,-130.0,-101.0,39.0,2.0,-67.0,-92.0
29880,-146.0,29.0,82.0,-29.0,-66.0,3.0
29920,-106.0,-102.0,41.0,8.0,-29.0,-137.0
29960,-121.0,-78.0,123.0,36.0,-27.0,-16.0
30000,-146.0,42.0,66.0,36.0,-19.0,-72.0
30040,-133.0,-151.0,-8.0,50.0,4.0,-152.0
30080,-133.0,26.0,173.0,54.0,-18.0,-34.0
30120,-135.0,7.0,41.0,34.0,-40.0,-186.0
30160,-105.0,-146.0,-10.0,39.0,-15.0,-139.0
30200,-131.0,-14.0,158.0,5.0,-50.0,-9.0
30240,-146.0,-113.0,-27.0,-26.0,-57.0,-138.0
30280,-129.0,-96.0,22.0,22.0,-56.0,-155.0
30320,-132.0,-30.0,79.0,20.0,-105.0,-67.0
30360,-93.0,-193.0,-98.0,35.0,-81.0,-189.0
30400,-99.0,-126.0,31.0,21.0,-41.0,-184.0
30440,-122.0,-50.0,34.0,-4.0,-25.0,-212.0
30480,-101.0,-183.0,-129.0,39.0,-21.0,-151.0
30520,-104.0,-179.0,29.0,12.0,-34.0,-149.0
30560,-134.0,-144.0,-32.0,11.0,-39.0,-140.0
30600,-79.0,-229.0,-76.0,9.0,-48.0,-56.0
30640,-59.0,23.0,-31.0,2.0,-67.0,-96.0
30680,-12.0,-206.0,-122.0,19.0,-95.0,-69.0
30720,-20.0,-138.0,-1.0,17.0,-72.0,-107.0
30760,-67.0,-69.0,-57.0,27.0,-66.0,-68.0
30800,-61.0,-109.0,-158.0,23.0,-44.0,15.0
30840,-31.0,-99.0,-12.0,7.0,-29.0,-107.0
30880,-20.0,2.0,17.0,0.0,-61.0,19.0
30920,20.0,-92.0,-174.0,2.0,-29.0,-31.0
30960,12.0,-39.0,-16.0,-2.0,-28.0,26.0
31000,-8.0,73.0,40.0,-13.0,-45.0,71.0
31040,25.0,-48.0,-101.0,12.0,-25.0,-94.0
31080,11.0,93.0,23.0,44.0,-46.0,94.0
31120,27.0,82.0,-9.0,30.0,-57.0,56.0
31160,28.0,-79.0,-105.0,-2.0,-55.0,135.0
31200,-9.0,193.0,81.0,-27.0,-71.0,204.0
31240,-17.0,20.0,-90.0,-24.0,-44.0,62.0
31280,-7.0,72.0,22.0,50.0,2.0,124.0
31320,-25.0,209.0,29.0,90.0,-8.0,67.0
31360,36.0,10.0,-52.0,71.0,10.0,8.0
31400,26.0,150.0,49.0,14.0,9.0,81.0
31440,5.0,78.0,-37.0,-42.0,-17.0,16.0
31480,10.0,-17.0,-48.0,-2.0,-16.0,-6.0
31520,-13.0,118.0,81.0,-1.0,-52.0,45.0
31560,4.0,91.0,-58.0,-5.0,-41.0,-21.0
31600,30.0,-49.0,-43.0,0.0,24.0,0.0
31640,-5.0,92.0,107.0,-42.0,41.0,75.0
31680,-22.0,16.0,-24.0,-16.0,42.0,12.0
31720,-30.0,29.0,5.0,4.0,39.0,33.0
31760,-46.0,108.0,91.0,-9.0,0.0,68.0
31800,-20.0,-13.0,-64.0,2.0,0.0,78.0
31840,-31.0,22.0,-1.0,-26.0,6.0,84.0
31880,-60.0,120.0,31.0,-45.0,0.0,59.0
31920,-57.0,-84.0,-74.0,-5.0,48.0,-5.0
31960,-103.0,82.0,44.0,20.0,80.0,-14.0
32000,-104.0,35.0,-76.0,20.0,75.0,17.0
32040,-67.0,-72.0,-77.0,0.0,74.0,8.0
32080,-83.0,106.0,45.0,-49.0,36.0,52.0
32120,-75.0,-29.0,-155.0,-68.0,19.0,-8.0
32160,-87.0,-11.0,-109.0,-41.0,-5.0,11.0
32200,-130.0,127.0,6.0,-23.0,-49.0,41.0
32240,-108.0,15.0,-114.0,2.0,-10.0,-18.0
32280,-91.0,39.0,-48.0,0.0,46.0,-12.0
32320,-93.0,155.0,-21.0,-9.0,45.0,94.0
32360,-56.0,-69.0,-139.0,-18.0,49.0,111.0
32400,-74.0,147.0,-18.0,-50.0,39.0,187.0
32440,-72.0,92.0,-79.0,-52.0,41.0,127.0
32480,-60.0,37.0,-84.0,-3.0,76.0,81.0
32520,-71.0,131.0,33.0,35.0,77.0,104.0
32560,-58.0,121.0,-45.0,69.0,81.0,8.0
32600,-20.0,-16.0,-58.0,82.0,87.0,17.0
32640,-44.0,200.0,35.0,28.0,45.0,83.0
32680,9.0,-36.0,-131.0,-9.0,15.0,58.0
32720,13.0,2.0,-10.0,-43.0,-18.0,125.0
32760,-17.0,192.0,7.0,-29.0,-26.0,44.0
32800,23.0,-51.0,-141.0,20.0,53.0,-28.0
32840,3.0,156.0,80.0,35.0,113.0,41.0
32880,-9.0,59.0,0.0,8.0,116.0,71.0
32920,-2.0,65.0,-84.0,1.0,124.0,35.0
32960,7.0,30.0,24.0,-16.0,69.0,48.0
33000,7.0,129.0,-29.0,-6.0,25.0,44.0
33040,59.0,-102.0,-102.0,3.0,16.0,27.0
33080,36.0,208.0,92.0,-18.0,-6.0,43.0
33120,69.0,-87.0,-88.0,-5.0,34.0,-56.0
33160,41.0,24.0,28.0,15.0,95.0,-89.0
33200,8.0,73.0,19.0,19.0,98.0,-10.0
33240,21.0,-49.0,-128.0,12.0,102.0,7.0
33280,31.0,39.0,-15.0,-13.0,97.0,13.0
33320,28.0,74.0,-27.0,-23.0,61.0,-6.0
33360,52.0,-50.0,-131.0,5.0,65.0,-22.0
33400,26.0,76.0,28.0,22.0,42.0,-30.0
33440,27.0,97.0,-48.0,17.0,37.0,-2.0
33480,69.0,-123.0,-82.0,22.0,81.0,-122.0
33520,31.0,167.0,29.0,6.0,60.0,8.0
33560,73.0,-136.0,-166.0,2.0,60.0,-39.0
33600,76.0,2.0,-58.0,-4.0,63.0,15.0
33640,37.0,-33.0,-48.0,-53.0,32.0,33.0
33680,20.0,-38.0,-137.0,-65.0,47.0,8.0
33720,31.0,-122.0,-2.0,-68.0,31.0,43.0
33760,9.0,103.0,27.0,-33.0,11.0,-24.0
33800,62.0,-178.0,-94.0,20.0,23.0,-118.0
33840,29.0,63.0,75.0,12.0,20.0,45.0
33880,35.0,-74.0,-37.0,-6.0,5.0,28.0
33920,30.0,-55.0,-27.0,-37.0,-2.0,79.0
33960,-1.0,9.0,52.0,-55.0,-45.0,107.0
34000,-9.0,-4.0,-32.0,-27.0,-29.0,20.0
34040,26.0,-51.0,26.0,40.0,16.0,18.0
34080,13.0,142.0,136.0,66.0,8.0,49.0
34120,49.0,-69.0,-64.0,40.0,8.0,16.0
34160,46.0,14.0,63.0,20.0,-10.0,22.0
34200,47.0,62.0,61.0,-12.0,-51.0,20.0
34240,63.0,-95.0,-86.0,5.0,-38.0,-44.0
34280,54.0,62.0,62.0,-8.0,-78.0,50.0
34320,91.0,-5.0,30.0,5.0,-76.0,-45.0
34360,141.0,-64.0,-2.0,47.0,-35.0,-160.0
34400,106.0,41.0,113.0,43.0,-39.0,-98.0
34440,104.0,-18.0,-29.0,46.0,-39.0,-68.0
34480,131.0,-163.0,3.0,16.0,-44.0,-3.0
34520,97.0,104.0,127.0,-38.0,-53.0,12.0
34560,100.0,-194.0,-109.0,-47.0,-87.0,6.0
34600,78.0,20.0,80.0,-45.0,-120.0,27.0
34640,82.0,-15.0,98.0,-21.0,-108.0,-68.0
34680,107.0,-88.0,7.0,2.0,-44.0,-132.0
34720,102.0,-73.0,101.0,20.0,3.0,-100.0
34760,81.0,-19.0,50.0,-2.0,-15.0,-10.0
34800,129.0,-155.0,-13.0,-19.0,-12.0,-48.0
34840,99.0,-17.0,79.0,-16.0,-26.0,-36.0
34880,98.0,-122.0,-42.0,21.0,-24.0,-135.0
34920,91.0,-179.0,-20.0,35.0,-14.0,-6.0
34960,82.0,31.0,67.0,17.0,-34.0,-37.0
35000,123.0,-140.0,-83.0,-12.0,-32.0,-85.0
35040,145.0,-93.0,32.0,-48.0,-25.0,-85.0
35080,120.0,-17.0,15.0,-35.0,-32.0,-3.0
35120,146.0,-105.0,-88.0,-1.0,8.0,-27.0
35160,148.0,-41.0,25.0,-11.0,43.0,9.0
35200,125.0,-20.0,-33.0,-31.0,52.0,4.0
35240,147.0,-116.0,-97.0,-29.0,89.0,-25.0
35280,129.0,17.0,47.0,-14.0,90.0,24.0
35320,138.0,-29.0,-49.0,-1.0,87.0,-5.0
35360,132.0,-84.0,-27.0,26.0,88.0,-36.0
35400,111.0,48.0,79.0,-14.0,62.0,101.0
35440,128.0,-20.0,-58.0,-53.0,74.0,45.0
35480,117.0,-38.0,12.0,-25.0,95.0,22.0
35520,89.0,202.0,96.0,17.0,83.0,39.0
35560,148.0,-84.0,-64.0,52.0,101.0,-39.0
35600,141.0,93.0,93.0,55.0,112.0,43.0
35640,124.0,36.0,53.0,34.0,102.0,-34.0
35680,127.0,-65.0,-12.0,49.0,126.0,-52.0
35720,116.0,38.0,65.0,36.0,113.0,12.0
35760,127.0,-25.0,5.0,10.0,101.0,-35.0
35800,144.0,-54.0,-18.0,25.0,90.0,-72.0
35840,130.0,20.0,94.0,-19.0,24.0,16.0
35880,136.0,-44.0,-29.0,-32.0,18.0,-17.0
35920,156.0,-132.0,30.0,-16.0,45.0,-19.0
35960,112.0,101.0,138.0,-72.0,21.0,97.0
36000,139.0,-133.0,-36.0,-55.0,29.0,-48.0
36040,108.0,8.0,71.0,-50.0,14.0,107.0
36080,112.0,81.0,110.0,-16.0,51.0,-97.0
36120,114.0,-147.0,-23.0,35.0,79.0,-2.0
36160,88.0,134.0,149.0,5.0,64.0,49.0
36200,115.0,0.0,40.0,13.0,69.0,-111.0
36240,133.0,-19.0,26.0,-18.0,66.0,-61.0
36280,85.0,47.0,68.0,-65.0,18.0,-33.0
36320,86.0,-23.0,-27.0,-37.0,-49.0,79.0
36360,129.0,-35.0,6.0,-5.0,-70.0,-38.0
36400,106.0,115.0,32.0,-12.0,-95.0,-141.0
36440,116.0,-84.0,-122.0,25.0,-91.0,16.0
36480,102.0,-41.0,55.0,16.0,-12.0,-66.0
36520,83.0,65.0,-26.0,-2.0,12.0,5.0
36560,101.0,-147.0,-190.0,-16.0,20.0,-18.0
36600,64.0,87.0,18.0,-33.0,14.0,62.0
36640,60.0,-1.0,-81.0,-29.0,12.0,97.0
36680,78.0,7.0,-110.0,-4.0,18.0,-30.0
36720,63.0,43.0,16.0,10.0,-26.0,137.0
36760,49.0,66.0,-2.0,20.0,-9.0,24.0
36800,76.0,-63.0,-51.0,-31.0,-5.0,67.0
36840,53.0,166.0,89.0,-47.0,-32.0,153.0
36880,48.0,-75.0,-81.0,-23.0,44.0,-74.0
36920,9.0,73.0,25.0,41.0,88.0,18.0
36960,-8.0,137.0,66.0,60.0,105.0,57.0
37000,18.0,-63.0,-80.0,24.0,135.0,8.0
37040,-17.0,88.0,66.0,13.0,102.0,-5.0
37080,-51.0,91.0,18.0,23.0,43.0,-73.0
37120,-3.0,-33.0,-78.0,17.0,40.0,1.0
37160,-33.0,52.0,22.0,15.0,46.0,27.0
37200,-44.0,30.0,-36.0,-22.0,22.0,-10.0
37240,-48.0,-98.0,-59.0,-40.0,37.0,-6.0
37280,-80.0,116.0,27.0,-88.0,61.0,89.0
37320,-87.0,-86.0,-98.0,-59.0,98.0,1.0
37360,-84.0,38.0,67.0,-17.0,114.0,4.0
37400,-95.0,82.0,36.0,-20.0,125.0,-26.0
37440,-74.0,27.0,-51.0,11.0,162.0,-35.0
37480,-98.0,-10.0,88.0,1.0,132.0,50.0
37520,-116.0,165.0,126.0,-44.0,71.0,86.0
37560,-82.0,-117.0,-56.0,-62.0,52.0,42.0
37600,-102.0,223.0,175.0,-92.0,20.0,103.0
37640,-91.0,7.0,12.0,-62.0,25.0,15.0
37680,-95.0,92.0,45.0,-12.0,65.0,21.0
37720,-128.0,125.0,102.0,24.0,69.0,-12.0
37760,-118.0,52.0,-22.0,-5.0,66.0,75.0
37800,-104.0,-7.0,-2.0,-55.0,66.0,61.0
37840,-150.0,137.0,68.0,-73.0,14.0,72.0
37880,-132.0,3.0,-106.0,-39.0,-17.0,23.0
37920,-135.0,64.0,-8.0,-15.0,-27.0,28.0
37960,-152.0,99.0,1.0,-19.0,-33.0,4.0
38000,-135.0,-68.0,-58.0,17.0,-15.0,-73.0
38040,-157.0,80.0,64.0,-2.0,-41.0,46.0
38080,-164.0,-18.0,-66.0,-37.0,-54.0,57.0
38120,-147.0,-84.0,-35.0,-35.0,-46.0,25.0
38160,-149.0,60.0,111.0,-42.0,-99.0,126.0
38200,-148.0,-14.0,-88.0,-7.0,-117.0,64.0
38240,-134.0,-38.0,-6.0,31.0,-83.0,47.0
38280,-175.0,122.0,121.0,29.0,-61.0,11.0
38320,-126.0,-79.0,-52.0,88.0,15.0,-93.0
38360,-119.0,60.0,13.0,111.0,-7.0,-2.0
38400,-125.0,-8.0,27.0,92.0,-52.0,-113.0
38440,-97.0,-93.0,-95.0,33.0,-113.0,88.0
38480,-104.0,-41.0,-65.0,-38.0,-208.0,75.0
38520,-124.0,36.0,-68.0,-60.0,-225.0,-4.0
38560,-115.0,-130.0,-65.0,50.0,-190.0,-186.0
38600,-153.0,73.0,40.0,74.0,-104.0,-157.0
38640,-137.0,-57.0,-113.0,124.0,-42.0,-107.0
38680,-134.0,-105.0,-39.0,68.0,-46.0,11.0
38720,-182.0,52.0,18.0,-34.0,-101.0,26.0
38760,-157.0,-119.0,-152.0,11.0,-163.0,-124.0
38800,-145.0,-41.0,-5.0,15.0,-162.0,93.0
38840,-168.0,14.0,58.0,75.0,-181.0,-193.0
38880,-134.0,-13.0,-61.0,166.0,-135.0,-18.0
38920,-132.0,-5.0,64.0,82.0,-85.0,-105.0
38960,-155.0,-34.0,21.0,17.0,-116.0,-72.0
39000,-149.0,-95.0,-49.0,-32.0,-131.0,164.0
39040,-148.0,31.0,66.0,-58.0,-179.0,32.0
39080,-120.0,17.0,-32.0,-8.0,-168.0,136.0
39120,-96.0,-42.0,-76.0,12.0,-132.0,-15.0
39160,-128.0,121.0,133.0,-28.0,-162.0,85.0
39200,-116.0,-30.0,-10.0,-17.0,-156.0,131.0
39240,-102.0,46.0,50.0,-34.0,-145.0,-103.0
39280,-104.0,68.0,75.0,15.0,-145.0,53.0
39320,-93.0,-113.0,-49.0,32.0,-115.0,-34.0
39360,-146.0,43.0,26.0,-10.0,-114.0,136.0
39400,-157.0,-26.0,-12.0,-72.0,-151.0,123.0
39440,-129.0,-147.0,-23.0,-136.0,-178.0,-30.0
39480,-140.0,63.0,150.0,-67.0,-185.0,46.0
39520,-116.0,35.0,29.0,70.0,-176.0,-41.0
39560,-113.0,-108.0,42.0,92.0,-117.0,-56.0
39600,-159.0,68.0,164.0,100.0,-82.0,-163.0
39640,-151.0,-69.0,-42.0,8.0,-58.0,-108.0
39680,-124.0,-56.0,-49.0,-35.0,-43.0,-108.0
39720,-121.0,119.0,82.0,10.0,-104.0,65.0
39760,-94.0,-139.0,-49.0,38.0,-115.0,-97.0
39800,-108.0,16.0,92.0,68.0,-124.0,-55.0
39840,-104.0,45.0,16.0,66.0,-129.0,67.0
39880,-68.0,-120.0,-43.0,69.0,-81.0,-191.0
39920,-94.0,-14.0,50.0,24.0,-98.0,5.0
39960,-95.0,-21.0,-62.0,-34.0,-125.0,-28.0
40000,-81.0,-216.0,-87.0,-36.0,-80.0,-88.0
40040,-114.0,67.0,97.0,-10.0,-80.0,70.0
40080,-91.0,-221.0,-82.0,9.0,-88.0,-235.0
40120,-92.0,-57.0,51.0,79.0,-43.0,-107.0
40160,-115.0,-111.0,62.0,96.0,9.0,-254.0
40200,-118.0,-91.0,-74.0,70.0,57.0,-189.0
40240,-117.0,-207.0,-41.0,60.0,46.0,-17.0
40280,-141.0,34.0,19.0,-19.0,21.0,-76.0
40320,-98.0,-229.0,-175.0,-33.0,19.0,-105.0
40360,-124.0,68.0,77.0,-6.0,0.0,-73.0
40400,-100.0,-96.0,-45.0,8.0,5.0,-55.0
40440,-83.0,-51.0,-21.0,47.0,49.0,-96.0
40480,-76.0,-2.0,95.0,3.0,95.0,-64.0
40520,-57.0,-11.0,-32.0,-15.0,170.0,-70.0
40560,-20.0,-157.0,-69.0,11.0,199.0,-31.0
40600,-39.0,108.0,94.0,13.0,135.0,-2.0
40640,7.0,-172.0,-77.0,2.0,100.0,7.0
40680,-6.0,33.0,61.0,-50.0,105.0,107.0
40720,-2.0,44.0,56.0,-56.0,106.0,16.0
40760,38.0,-108.0,-33.0,9.0,138.0,-44.0
40800,39.0,99.0,85.0,-7.0,133.0,47.0
40840,24.0,11.0,-32.0,-56.0,85.0,65.0
40880,51.0,-37.0,-22.0,-68.0,90.0,58.0
40920,32.0,70.0,80.0,-61.0,81.0,64.0
40960,45.0,65.0,-57.0,-27.0,118.0,33.0
41000,54.0,-52.0,-28.0,36.0,202.0,-16.0
41040,18.0,227.0,135.0,62.0,241.0,-9.0
41080,44.0,-36.0,-102.0,70.0,247.0,7.0
41120,48.0,78.0,-4.0,45.0,201.0,53.0
41160,62.0,107.0,29.0,11.0,132.0,53.0
41200,102.0,1.0,-67.0,29.0,114.0,-49.0
41240,94.0,67.0,22.0,44.0,82.0,-12.0
41280,67.0,125.0,-14.0,48.0,73.0,-134.0
41320,102.0,-61.0,-39.0,35.0,113.0,-36.0
41360,78.0,134.0,97.0,3.0,134.0,-7.0
41400,95.0,-1.0,-63.0,17.0,188.0,-89.0
41440,105.0,-25.0,-29.0,34.0,203.0,-94.0
41480,67.0,40.0,99.0,37.0,164.0,73.0
41520,40.0,-22.0,-79.0,5.0,160.0,-17.0
41560,35.0,-67.0,-45.0,-6.0,138.0,-6.0
41600,16.0,130.0,110.0,-24.0,81.0,-50.0
41640,37.0,-71.0,-90.0,-14.0,83.0,15.0
41680,27.0,-2.0,60.0,-17.0,97.0,-77.0
41720,-11.0,94.0,54.0,-36.0,76.0,44.0
41760,5.0,-139.0,-61.0,-12.0,114.0,-99.0
41800,-42.0,148.0,123.0,-10.0,130.0,98.0
41840,-27.0,-68.0,-44.0,9.0,101.0,5.0
41880,-18.0,48.0,6.0,57.0,112.0,-87.0
41920,-35.0,116.0,120.0,16.0,92.0,68.0
41960,-33.0,58.0,14.0,-24.0,109.0,93.0
42000,-22.0,-73.0,69.0,-39.0,107.0,113.0
42040,-73.0,238.0,176.0,-32.0,77.0,80.0
42080,-8.0,-98.0,-19.0,-15.0,72.0,-9.0
42120,5.0,188.0,172.0,-29.0,53.0,190.0
42160,18.0,43.0,76.0,-69.0,-6.0,174.0
42200,21.0,83.0,71.0,-92.0,7.0,124.0
42240,8.0,66.0,178.0,-91.0,10.0,163.0
42280,-31.0,143.0,117.0,-58.0,59.0,104.0
42320,20.0,-51.0,75.0,4.0,113.0,64.0
42360,8.0,204.0,229.0,6.0,86.0,182.0
42400,51.0,-8.0,40.0,-39.0,51.0,95.0
42440,42.0,42.0,122.0,-46.0,17.0,137.0
42480,42.0,165.0,197.0,-53.0,-45.0,123.0
42520,72.0,-31.0,6.0,-14.0,-57.0,18.0
42560,100.0,25.0,159.0,12.0,-50.0,106.0
42600,87.0,135.0,166.0,-22.0,-24.0,92.0
42640,128.0,-77.0,8.0,-11.0,30.0,48.0
42680,104.0,103.0,160.0,22.0,33.0,27.0
42720,136.0,44.0,74.0,58.0,2.0,-32.0
42760,198.0,-67.0,3.0,82.0,-7.0,-11.0
42800,196.0,84.0,125.0,39.0,-45.0,53.0
42840,218.0,-63.0,-13.0,2.0,-46.0,-38.0
42880,258.0,-65.0,63.0,1.0,-22.0,-85.0
42920,235.0,57.0,91.0,13.0,-28.0,-82.0
42960,285.0,-69.0,-88.0,69.0,-15.0,-121.0
43000,328.0,-67.0,18.0,59.0,3.0,-101.0
43040,329.0,-17.0,3.0,-3.0,-45.0,-27.0
43080,336.0,-192.0,-151.0,-34.0,-48.0,-55.0
43120,315.0,-19.0,-43.0,-37.0,-42.0,-24.0
43160,318.0,-31.0,-79.0,-1.0,-36.0,-73.0
43200,344.0,-88.0,-132.0,54.0,-7.0,-95.0
43240,323.0,17.0,-7.0,44.0,-23.0,8.0
43280,336.0,-52.0,-101.0,-3.0,-28.0,28.0
43320,354.0,-92.0,-88.0,-12.0,6.0,7.0
43360,312.0,101.0,-29.0,6.0,-2.0,29.0
43400,334.0,-43.0,-142.0,45.0,8.0,-25.0
43440,350.0,-18.0,-56.0,52.0,18.0,54.0
43480,336.0,54.0,-31.0,16.0,3.0,38.0
43520,340.0,-118.0,-154.0,13.0,34.0,-28.0
43560,313.0,-2.0,26.0,31.0,53.0,-19.0
43600,301.0,27.0,-66.0,33.0,45.0,19.0
43640,339.0,-130.0,-126.0,26.0,63.0,10.0
43680,317.0,75.0,35.0,-32.0,30.0,96.0
43720,341.0,-17.0,-83.0,-65.0,9.0,39.0
43760,344.0,-65.0,-113.0,-48.0,32.0,48.0
43800,312.0,118.0,45.0,-46.0,32.0,91.0
43840,318.0,-76.0,-88.0,-47.0,64.0,60.0
43880,296.0,3.0,12.0,-62.0,95.0,86.0
43920,257.0,110.0,40.0,-53.0,97.0,53.0
43960,273.0,-37.0,-63.0,-2.0,131.0,-2.0
44000,249.0,17.0,46.0,14.0,138.0,35.0
44040,228.0,111.0,43.0,1.0,107.0,46.0
44080,255.0,-127.0,-81.0,2.0,99.0,24.0
44120,195.0,119.0,87.0,-11.0,70.0,5.0
44160,178.0,-24.0,-41.0,-8.0,51.0,-35.0
44200,163.0,-36.0,-58.0,32.0,88.0,-91.0
44240,155.0,36.0,23.0,13.0,85.0,-4.0
44280,161.0,-44.0,-89.0,-20.0,107.0,-61.0
44320,155.0,-118.0,-65.0,-22.0,155.0,-78.0
44360,110.0,102.0,-3.0,-19.0,162.0,-62.0
44400,139.0,-154.0,-199.0,16.0,174.0,-87.0
44440,141.0,-19.0,-39.0,17.0,147.0,-44.0
44480,151.0,26.0,-86.0,-18.0,104.0,-65.0
44520,184.0,-113.0,-198.0,-27.0,117.0,-100.0
44560,154.0,7.0,-70.0,-22.0,128.0,-74.0
44600,148.0,-5.0,-102.0,11.0,148.0,-130.0
44640,171.0,-124.0,-181.0,32.0,165.0,-79.0
44680,177.0,71.0,-66.0,-29.0,115.0,34.0
44720,216.0,-119.0,-207.0,-73.0,92.0,4.0
44760,216.0,-99.0,-95.0,-62.0,120.0,-38.0
44800,151.0,63.0,-58.0,-20.0,129.0,-26.0
44840,154.0,-74.0,-222.0,42.0,166.0,-12.0
44880,155.0,-15.0,-90.0,53.0,181.0,-28.0
44920,163.0,75.0,-38.0,11.0,132.0,31.0
44960,199.0,-85.0,-220.0,-3.0,111.0,3.0
45000,178.0,41.0,-69.0,-11.0,73.0,102.0
45040,161.0,74.0,-116.0,-8.0,44.0,90.0
45080,181.0,-92.0,-171.0,6.0,78.0,-6.0
45120,151.0,160.0,-44.0,17.0,86.0,-14.0
45160,171.0,0.0,-190.0,27.0,106.0,14.0
45200,180.0,-44.0,-135.0,-5.0,137.0,-53.0
45240,162.0,150.0,-30.0,-30.0,94.0,65.0
45280,186.0,-27.0,-203.0,8.0,78.0,-78.0
45320,190.0,28.0,-81.0,23.0,54.0,6.0
45360,161.0,87.0,-12.0,-10.0,6.0,40.0
45400,152.0,-37.0,-120.0,-18.0,51.0,-36.0
45440,130.0,123.0,31.0,-13.0,73.0,7.0
45480,115.0,92.0,-17.0,-1.0,57.0,46.0
45520,145.0,-9.0,-38.0,31.0,45.0,34.0
45560,95.0,128.0,101.0,7.0,18.0,83.0
45600,71.0,97.0,-9.0,-20.0,-5.0,104.0
45640,48.0,-29.0,-17.0,5.0,20.0,74.0
45680,-3.0,136.0,139.0,18.0,41.0,62.0
45720,1.0,42.0,-26.0,53.0,70.0,-59.0
45760,4.0,15.0,17.0,72.0,73.0,0.0
45800,-45.0,110.0,70.0,30.0,40.0,-8.0
45840,-43.0,-118.0,-58.0,13.0,30.0,-82.0
45880,-89.0,40.0,41.0,6.0,-11.0,-61.0
45920,-115.0,34.0,-4.0,-28.0,-47.0,26.0
45960,-110.0,-83.0,-84.0,-29.0,-27.0,-26.0
46000,-136.0,42.0,93.0,-50.0,-39.0,40.0
46040,-163.0,61.0,-8.0,-30.0,-36.0,-52.0
46080,-154.0,-48.0,-62.0,-3.0,-1.0,32.0
46120,-192.0,111.0,135.0,-8.0,-12.0,81.0
46160,-188.0,-9.0,-5.0,-11.0,-2.0,45.0
46200,-196.0,-3.0,2.0,-10.0,35.0,18.0
46240,-232.0,145.0,123.0,-9.0,30.0,81.0
46280,-225.0,-61.0,-28.0,17.0,27.0,22.0
46320,-231.0,40.0,105.0,-6.0,-1.0,83.0
46360,-245.0,100.0,73.0,-41.0,-53.0,89.0
46400,-215.0,-70.0,-19.0,-44.0,-51.0,76.0
46440,-239.0,110.0,158.0,-46.0,-57.0,80.0
46480,-250.0,66.0,34.0,-48.0,-65.0,81.0
46520,-230.0,-52.0,-21.0,-19.0,-50.0,38.0
46560,-251.0,171.0,142.0,-21.0,-75.0,105.0
46600,-238.0,16.0,-36.0,-4.0,-73.0,39.0
46640,-206.0,74.0,48.0,15.0,-53.0,84.0
46680,-219.0,125.0,86.0,20.0,-67.0,85.0
46720,-190.0,19.0,-27.0,37.0,-41.0,25.0
46760,-204.0,54.0,60.0,31.0,-22.0,70.0
46800,-219.0,164.0,74.0,6.0,-42.0,85.0
46840,-174.0,-28.0,-66.0,8.0,-32.0,24.0
46880,-160.0,120.0,127.0,-18.0,-50.0,80.0
46920,-152.0,77.0,69.0,-26.0,-89.0,68.0
46960,-103.0,-11.0,35.0,-9.0,-94.0,31.0
47000,-99.0,168.0,164.0,-6.0,-116.0,64.0
47040,-71.0,61.0,30.0,5.0,-104.0,17.0
47080,-48.0,7.0,54.0,23.0,-54.0,31.0
47120,-72.0,136.0,128.0,15.0,-42.0,99.0
47160,-54.0,12.0,-38.0,24.0,-24.0,5.0
47200,-42.0,39.0,57.0,38.0,-27.0,5.0
47240,-46.0,108.0,50.0,32.0,-81.0,72.0
47280,17.0,-58.0,-77.0,19.0,-90.0,6.0
47320,11.0,72.0,28.0,8.0,-98.0,41.0
47360,2.0,50.0,-22.0,2.0,-112.0,19.0
47400,-3.0,-92.0,-91.0,20.0,-71.0,-51.0
47440,-20.0,92.0,4.0,18.0,-72.0,52.0
47480,12.0,-38.0,-98.0,-5.0,-77.0,21.0
47520,33.0,-54.0,-54.0,-9.0,-42.0,-11.0
47560,-11.0,65.0,17.0,5.0,-42.0,-11.0
47600,-10.0,-13.0,-144.0,35.0,-20.0,-29.0
47640,-2.0,-79.0,-76.0,52.0,-3.0,31.0
47680,-22.0,122.0,48.0,-1.0,-25.0,85.0
47720,12.0,-140.0,-118.0,-25.0,-21.0,10.0
47760,-4.0,90.0,29.0,-21.0,-44.0,80.0
47800,-13.0,-21.0,-37.0,-8.0,-69.0,26.0
47840,-8.0,-63.0,-56.0,16.0,-45.0,28.0
47880,-31.0,24.0,24.0,-1.0,-45.0,36.0
47920,-39.0,5.0,-91.0,-40.0,-39.0,42.0
47960,-27.0,-158.0,-75.0,-13.0,18.0,-95.0
48000,-64.0,87.0,84.0,1.0,19.0,-8.0
48040,-50.0,-131.0,-113.0,15.0,21.0,-62.0
48080,-72.0,-68.0,-5.0,-1.0,30.0,12.0
48120,-103.0,28.0,61.0,-38.0,2.0,-44.0
48160,-112.0,-150.0,-103.0,-27.0,9.0,-96.0
48200,-155.0,-45.0,11.0,0.0,12.0,-116.0
48240,-168.0,-33.0,18.0,11.0,0.0,-74.0
48280,-126.0,-178.0,-36.0,31.0,15.0,-128.0
48320,-157.0,-78.0,114.0,-6.0,-19.0,-54.0
48360,-186.0,-59.0,56.0,-38.0,-40.0,-83.0
48400,-182.0,-218.0,15.0,-8.0,2.0,-149.0
48440,-224.0,62.0,161.0,12.0,21.0,-138.0
48480,-211.0,-181.0,-4.0,21.0,41.0,-134.0
48520,-212.0,-97.0,85.0,-6.0,53.0,-93.0
48560,-211.0,-79.0,119.0,-49.0,18.0,-107.0
48600,-202.0,-99.0,32.0,-46.0,12.0,-154.0
48640,-197.0,-180.0,59.0,-30.0,-1.0,-134.0
48680,-209.0,16.0,135.0,-43.0,-47.0,-60.0
48720,-163.0,-230.0,-28.0,-28.0,-46.0,-192.0
48760,-168.0,2.0,140.0,-22.0,-59.0,-106.0
48800,-160.0,-99.0,5.0,-10.0,-59.0,-103.0
48840,-140.0,-230.0,-5.0,6.0,-11.0,-168.0
48880,-176.0,-21.0,108.0,23.0,-18.0,-117.0
48920,-145.0,-139.0,-52.0,14.0,-40.0,-117.0
48960,-118.0,-190.0,-42.0,1.0,-55.0,-121.0
49000,-126.0,-17.0,93.0,-3.0,-100.0,-82.0
49040,-105.0,-153.0,-68.0,14.0,-82.0,-181.0
49080,-107.0,-119.0,17.0,1.0,-65.0,-56.0
49120,-134.0,-25.0,47.0,-9.0,-68.0,-97.0
49160,-92.0,-194.0,-37.0,3.0,-60.0,-87.0
49200,-93.0,-11.0,56.0,4.0,-81.0,-25.0
49240,-96.0,-43.0,-42.0,-39.0,-118.0,45.0
49280,-85.0,-143.0,-55.0,-4.0,-107.0,-75.0
49320,-89.0,49.0,124.0,36.0,-104.0,-81.0
49360,-77.0,-55.0,-40.0,3.0,-121.0,6.0
49400,-66.0,-137.0,-13.0,3.0,-97.0,-19.0
49440,-94.0,62.0,133.0,-14.0,-88.0,-32.0
49480,-65.0,-46.0,-38.0,7.0,-68.0,-112.0
49520,-65.0,-99.0,-26.0,41.0,-74.0,-25.0
49560,-95.0,62.0,93.0,12.0,-97.0,13.0
49600,-63.0,-169.0,-28.0,-2.0,-73.0,-110.0
49640,-83.0,28.0,102.0,-12.0,-65.0,11.0
49680,-111.0,-11.0,32.0,36.0,-71.0,-71.0
49720,-90.0,-110.0,22.0,72.0,-49.0,-50.0
49760,-97.0,1.0,176.0,70.0,-61.0,-72.0
49800,-107.0,33.0,42.0,46.0,-70.0,-54.0
49840,-87.0,-153.0,-16.0,41.0,-38.0,-6.0
49880,-138.0,77.0,204.0,26.0,-50.0,23.0
49920,-142.0,-70.0,43.0,26.0,-32.0,-15.0
49960,-141.0,10.0,81.0,25.0,-5.0,-42.0
50000,-62.0,-135.0,-99.0,-86.0,-51.0,-99.0
50040,-64.0,-35.0,145.0,-36.0,-135.0,146.0
50080,-73.0,109.0,169.0,29.0,-157.0,-21.0
50120,-80.0,50.0,-156.0,32.0,-59.0,94.0
50160,-90.0,52.0,118.0,-21.0,1.0,118.0
50200,-130.0,58.0,196.0,-33.0,46.0,20.0
50240,-90.0,97.0,-43.0,68.0,69.0,32.0
50280,-107.0,88.0,94.0,-3.0,-30.0,196.0
50320,-70.0,32.0,45.0,21.0,-54.0,45.0
50360,-67.0,118.0,-56.0,117.0,4.0,29.0
50400,-50.0,159.0,25.0,58.0,74.0,-3.0
50440,-56.0,-111.0,-50.0,-17.0,109.0,38.0
50480,-101.0,61.0,21.0,-71.0,101.0,-102.0
50520,-65.0,99.0,54.0,-65.0,40.0,117.0
50560,-1.0,-201.0,-30.0,16.0,-37.0,63.0
50600,10.0,173.0,61.0,28.0,-35.0,-37.0
50640,53.0,-7.0,-8.0,44.0,-13.0,-119.0
50680,47.0,-25.0,38.0,51.0,36.0,65.0
50720,-22.0,147.0,-35.0,17.0,82.0,-83.0
50760,-1.0,-109.0,-31.0,37.0,104.0,-35.0
50800,24.0,72.0,102.0,36.0,104.0,36.0
50840,-1.0,-25.0,-110.0,-37.0,69.0,19.0
50880,34.0,-37.0,-17.0,-16.0,79.0,-109.0
50920,31.0,-146.0,127.0,58.0,89.0,-80.0
50960,-26.0,224.0,-26.0,70.0,67.0,-122.0
51000,18.0,-158.0,-160.0,48.0,85.0,-46.0
51040,33.0,-32.0,226.0,-75.0,31.0,113.0
51080,36.0,-73.0,46.0,-174.0,-30.0,43.0
51120,35.0,-29.0,-69.0,-126.0,5.0,-128.0
51160,78.0,6.0,159.0,-20.0,33.0,-23.0
51200,82.0,-10.0,118.0,45.0,44.0,-92.0
51240,74.0,-70.0,53.0,-22.0,56.0,37.0
51280,68.0,61.0,184.0,-93.0,20.0,104.0
51320,90.0,-100.0,25.0,-72.0,46.0,-83.0
51360,82.0,27.0,132.0,-36.0,75.0,-4.0
51400,77.0,20.0,160.0,-37.0,34.0,39.0
51440,95.0,-123.0,-12.0,-5.0,34.0,-91.0
51480,53.0,30.0,132.0,26.0,-7.0,-94.0
51520,64.0,24.0,124.0,-6.0,-18.0,40.0
51560,99.0,-171.0,-32.0,-28.0,57.0,-76.0
51600,58.0,9.0,122.0,-45.0,44.0,13.0
51640,58.0,-27.0,65.0,-41.0,-4.0,-20.0
51680,38.0,-145.0,-15.0,-17.0,-22.0,-8.0
51720,6.0,94.0,103.0,-7.0,-50.0,-12.0
51760,63.0,-136.0,-1.0,7.0,-35.0,-36.0
51800,74.0,-101.0,66.0,-11.0,-14.0,17.0
51840,29.0,70.0,90.0,-79.0,-22.0,68.0
51880,48.0,-169.0,-15.0,-38.0,-14.0,8.0
51920,36.0,-23.0,106.0,23.0,-47.0,-5.0
51960,7.0,-23.0,42.0,42.0,-72.0,-142.0
52000,27.0,-171.0,21.0,24.0,-15.0,-91.0
52040,39.0,-103.0,121.0,-19.0,33.0,-46.0
52080,22.0,-94.0,7.0,-48.0,50.0,-114.0
52120,6.0,-177.0,36.0,-7.0,48.0,-167.0
52160,-40.0,-31.0,123.0,43.0,-9.0,-170.0
52200,-10.0,-106.0,-80.0,69.0,-19.0,-118.0
52240,9.0,-250.0,-9.0,-65.0,-36.0,53.0
52280,1.0,-21.0,115.0,-184.0,-7.0,-11.0
52320,30.0,-148.0,-47.0,-45.0,32.0,-267.0
52360,26.0,-84.0,67.0,96.0,47.0,-236.0
52400,4.0,-88.0,39.0,131.0,-2.0,-115.0
52440,42.0,-177.0,-51.0,-11.0,-38.0,0.0
52480,74.0,-65.0,109.0,-150.0,-61.0,-51.0
52520,86.0,-141.0,37.0,-107.0,-61.0,-124.0
52560,84.0,-153.0,11.0,12.0,20.0,-201.0
52600,38.0,4.0,123.0,82.0,3.0,-116.0
52640,70.0,-75.0,-13.0,28.0,29.0,-30.0
52680,104.0,-184.0,93.0,-87.0,29.0,-179.0
52720,54.0,15.0,185.0,-84.0,-85.0,-32.0
52760,67.0,-125.0,-79.0,-30.0,-87.0,-7.0
52800,55.0,18.0,91.0,-30.0,-55.0,27.0
52840,27.0,-10.0,169.0,-17.0,-29.0,52.0
52880,23.0,-54.0,31.0,-21.0,-3.0,-104.0
52920,20.0,29.0,97.0,-31.0,-3.0,-6.0
52960,24.0,28.0,134.0,-4.0,-39.0,-22.0
53000,48.0,-146.0,59.0,18.0,-83.0,-15.0
53040,23.0,77.0,137.0,1.0,-121.0,13.0
53080,23.0,-59.0,-12.0,-34.0,-91.0,-32.0
53120,6.0,-55.0,49.0,1.0,-44.0,-7.0
53160,-44.0,16.0,116.0,20.0,-65.0,91.0
53200,-39.0,-44.0,-15.0,-16.0,-45.0,51.0
53240,-20.0,-25.0,84.0,-18.0,-43.0,52.0
53280,-62.0,132.0,130.0,8.0,-81.0,80.0
53320,-18.0,-53.0,-29.0,86.0,-73.0,-103.0
53360,-49.0,26.0,64.0,106.0,-92.0,52.0
53400,-90.0,90.0,-11.0,59.0,-81.0,64.0
53440,-95.0,-97.0,-99.0,1.0,-10.0,44.0
53480,-121.0,157.0,53.0,-5.0,21.0,63.0
53520,-112.0,-25.0,-50.0,69.0,1.0,-14.0
53560,-87.0,-28.0,-6.0,102.0,-47.0,51.0
53600,-116.0,15.0,36.0,48.0,-94.0,56.0
53640,-140.0,3.0,-90.0,9.0,-113.0,-14.0
53680,-128.0,-50.0,-19.0,19.0,-109.0,20.0
53720,-157.0,132.0,17.0,26.0,-91.0,-14.0
53760,-120.0,-81.0,-116.0,77.0,-14.0,-23.0
53800,-141.0,105.0,105.0,79.0,23.0,-20.0
53840,-164.0,36.0,15.0,25.0,3.0,75.0
53880,-155.0,-17.0,-56.0,4.0,26.0,23.0
53920,-164.0,70.0,78.0,0.0,4.0,46.0
53960,-153.0,115.0,1.0,52.0,-15.0,-18.0
54000,-125.0,-56.0,-50.0,84.0,-1.0,-4.0
54040,-166.0,124.0,115.0,73.0,-22.0,-28.0
54080,-147.0,15.0,-36.0,82.0,-30.0,-28.0
54120,-113.0,-61.0,7.0,30.0,-30.0,52.0
54160,-147.0,98.0,83.0,-10.0,-51.0,79.0
54200,-118.0,-107.0,-44.0,0.0,-35.0,-21.0
54240,-105.0,193.0,74.0,27.0,-10.0,-11.0
54280,-114.0,-62.0,-20.0,37.0,-8.0,38.0
54320,-77.0,150.0,83.0,32.0,37.0,18.0
54360,-78.0,-37.0,-1.0,15.0,37.0,29.0
54400,-73.0,272.0,101.0,-4.0,41.0,113.0
54440,-43.0,-61.0,-67.0,1.0,72.0,92.0
54480,-37.0,198.0,114.0,-1.0,47.0,175.0
54520,1.0,71.0,-12.0,15.0,39.0,93.0
54560,9.0,103.0,-14.0,2.0,78.0,53.0
54600,-7.0,133.0,74.0,-4.0,74.0,113.0
54640,-16.0,80.0,-4.0,54.0,89.0,-52.0
54680,-14.0,71.0,2.0,109.0,79.0,3.0
54720,-22.0,211.0,20.0,95.0,50.0,67.0
54760,34.0,-27.0,-179.0,67.0,89.0,71.0
54800,5.0,110.0,4.0,2.0,108.0,145.0
54840,-23.0,106.0,-76.0,-17.0,127.0,60.0
54880,-10.0,52.0,-121.0,73.0,153.0,-2.0
54920,-24.0,176.0,-27.0,56.0,129.0,201.0
54960,-25.0,49.0,-150.0,10.0,140.0,-27.0
55000,-10.0,90.0,-57.0,66.0,168.0,21.0
55040,-38.0,165.0,-17.0,105.0,183.0,-32.0
55080,-28.0,-9.0,-210.0,121.0,216.0,14.0
55120,-37.0,46.0,-105.0,55.0,248.0,67.0
55160,-36.0,54.0,-57.0,1.0,217.0,17.0
55200,0.0,-33.0,-158.0,-3.0,202.0,29.0
55240,11.0,-15.0,-74.0,-27.0,166.0,20.0
55280,2.0,8.0,-51.0,3.0,120.0,-112.0
55320,23.0,-75.0,-131.0,58.0,153.0,-84.0
55360,9.0,69.0,-62.0,32.0,169.0,-106.0
55400,4.0,-80.0,-146.0,13.0,184.0,3.0
55440,-3.0,-61.0,-111.0,-17.0,201.0,-12.0
55480,17.0,22.0,-51.0,-25.0,191.0,-50.0
55520,59.0,-30.0,-152.0,16.0,191.0,-43.0
55560,51.0,-89.0,-84.0,42.0,214.0,-99.0
55600,14.0,59.0,5.0,32.0,203.0,-46.0
55640,47.0,-122.0,-167.0,-10.0,222.0,-92.0
55680,30.0,-34.0,-77.0,-45.0,204.0,-101.0
55720,3.0,24.0,-45.0,-42.0,162.0,-36.0
55760,39.0,-126.0,-120.0,-33.0,173.0,-121.0
55800,39.0,8.0,-14.0,-50.0,134.0,29.0
55840,31.0,-7.0,-55.0,-79.0,96.0,8.0
55880,52.0,-97.0,-26.0,-69.0,126.0,-79.0
55920,35.0,99.0,56.0,-36.0,110.0,-33.0
55960,63.0,-34.0,-119.0,23.0,146.0,-93.0
56000,70.0,-29.0,-40.0,39.0,189.0,-95.0
56040,51.0,92.0,9.0,-7.0,160.0,29.0
56080,85.0,-57.0,-141.0,-31.0,132.0,-10.0
56120,93.0,-27.0,-62.0,-69.0,93.0,105.0
56160,84.0,76.0,-32.0,-80.0,78.0,18.0
56200,118.0,-85.0,-132.0,-30.0,121.0,-16.0
56240,126.0,64.0,-7.0,-27.0,112.0,109.0
56280,149.0,-5.0,-63.0,-38.0,109.0,45.0
56320,173.0,-10.0,-36.0,-30.0,131.0,-28.0
56360,142.0,79.0,23.0,-17.0,108.0,-31.0
56400,168.0,28.0,-103.0,22.0,88.0,30.0
56440,210.0,-96.0,-53.0,29.0,86.0,-12.0
56480,190.0,127.0,61.0,-22.0,61.0,27.0
56520,219.0,-88.0,-178.0,-31.0,85.0,-25.0
56560,188.0,18.0,-88.0,-22.0,109.0,47.0
56600,189.0,27.0,-11.0,-11.0,89.0,-10.0
56640,226.0,-74.0,-132.0,-9.0,88.0,-28.0
56680,233.0,16.0,-94.0,-40.0,31.0,68.0
56720,214.0,24.0,-96.0,-44.0,0.0,-5.0
56760,225.0,-95.0,-144.0,-20.0,33.0,-25.0
56800,186.0,42.0,-47.0,-29.0,19.0,60.0
56840,186.0,1.0,-155.0,-19.0,39.0,14.0
56880,231.0,-81.0,-119.0,-29.0,69.0,-15.0
56920,237.0,81.0,42.0,-69.0,50.0,2.0
56960,238.0,-110.0,-116.0,-46.0,66.0,-46.0
57000,215.0,-22.0,-6.0,-16.0,71.0,-50.0
57040,193.0,50.0,37.0,-11.0,35.0,-75.0
57080,222.0,-148.0,-61.0,-27.0,-2.0,3.0
57120,195.0,11.0,100.0,-74.0,-55.0,32.0
57160,177.0,34.0,63.0,-103.0,-57.0,23.0
57200,196.0,-103.0,14.0,-70.0,3.0,-18.0
57240,143.0,38.0,169.0,-27.0,30.0,-11.0
57280,118.0,45.0,72.0,27.0,43.0,-60.0
57320,150.0,-91.0,19.0,10.0,57.0,-44.0
57360,116.0,93.0,160.0,-44.0,14.0,52.0
57400,111.0,-104.0,-19.0,-67.0,12.0,25.0
57440,99.0,-9.0,105.0,-74.0,9.0,13.0
57480,51.0,53.0,98.0,-56.0,-32.0,61.0
57520,68.0,-74.0,16.0,-32.0,-12.0,-5.0
57560,49.0,9.0,166.0,-54.0,-16.0,0.0
57600,31.0,42.0,117.0,-61.0,-46.0,27.0
57640,56.0,-65.0,41.0,-61.0,-36.0,-6.0
57680,38.0,31.0,217.0,-49.0,-53.0,38.0
57720,20.0,24.0,144.0,-20.0,-57.0,5.0
57760,16.0,-84.0,64.0,-4.0,-38.0,28.0
57800,-23.0,116.0,233.0,-8.0,-31.0,76.0
57840,-27.0,-51.0,119.0,-3.0,13.0,23.0
57880,-22.0,3.0,144.0,24.0,73.0,-23.0
57920,-36.0,50.0,173.0,42.0,57.0,17.0
57960,3.0,-96.0,44.0,71.0,27.0,-49.0
58000,17.0,-62.0,110.0,38.0,-54.0,19.0
58040,5.0,6.0,56.0,-37.0,-153.0,38.0
58080,44.0,-144.0,-39.0,-22.0,-146.0,-15.0
58120,28.0,0.0,126.0,-5.0,-116.0,23.0
58160,10.0,-8.0,15.0,30.0,-56.0,-22.0
58200,31.0,-152.0,-11.0,63.0,37.0,-61.0
58240,20.0,74.0,139.0,45.0,62.0,10.0
58280,65.0,-88.0,-62.0,37.0,31.0,-53.0
58320,86.0,-50.0,10.0,45.0,-42.0,-2.0
58360,63.0,60.0,73.0,66.0,-135.0,-30.0
58400,99.0,-72.0,-57.0,53.0,-156.0,-53.0
58440,104.0,-13.0,43.0,42.0,-136.0,-23.0
58480,67.0,21.0,56.0,51.0,-83.0,-23.0
58520,95.0,-24.0,4.0,62.0,0.0,-17.0
58560,89.0,21.0,28.0,46.0,13.0,118.0
58600,92.0,73.0,-19.0,23.0,-3.0,85.0
58640,114.0,-76.0,-44.0,56.0,-26.0,1.0
58680,111.0,140.0,113.0,67.0,-114.0,43.0
58720,118.0,-9.0,-91.0,77.0,-140.0,47.0
58760,153.0,48.0,25.0,68.0,-98.0,5.0
58800,131.0,67.0,107.0,38.0,-107.0,62.0
58840,162.0,66.0,-58.0,42.0,-78.0,-89.0
58880,191.0,-18.0,-71.0,29.0,-63.0,59.0
58920,200.0,145.0,29.0,7.0,-95.0,21.0
58960,235.0,-128.0,-114.0,36.0,-100.0,-3.0
59000,193.0,114.0,23.0,7.0,-115.0,68.0
59040,164.0,20.0,-61.0,-28.0,-112.0,124.0
59080,155.0,61.0,-5.0,13.0,-64.0,48.0
59120,147.0,152.0,76.0,55.0,-53.0,82.0
59160,162.0,115.0,-9.0,74.0,-50.0,18.0
59200,208.0,71.0,28.0,84.0,-35.0,119.0
59240,171.0,212.0,88.0,16.0,-51.0,143.0
59280,178.0,58.0,-76.0,-33.0,-41.0,108.0
59320,164.0,109.0,3.0,-42.0,-41.0,112.0
59360,140.0,142.0,30.0,-16.0,-61.0,85.0
59400,161.0,68.0,-78.0,28.0,-39.0,55.0
59440,163.0,72.0,-3.0,-3.0,-27.0,179.0
59480,137.0,132.0,-19.0,-40.0,-27.0,10.0
59520,146.0,-66.0,-131.0,-14.0,7.0,58.0
59560,123.0,116.0,23.0,-11.0,-27.0,-7.0
59600,129.0,11.0,-98.0,-10.0,-57.0,94.0
59640,150.0,-35.0,-101.0,2.0,-40.0,-32.0
59680,122.0,113.0,10.0,-14.0,-50.0,-22.0
59720,122.0,-59.0,-97.0,-3.0,-6.0,-5.0
59760,94.0,-23.0,-49.0,-17.0,48.0,22.0
59800,53.0,16.0,-61.0,-52.0,33.0,87.0
59840,70.0,-34.0,-94.0,-45.0,56.0,-26.0
59880,54.0,9.0,-52.0,-54.0,36.0,101.0
59920,44.0,87.0,-64.0,-47.0,28.0,71.0
59960,70.0,-102.0,-86.0,-42.0,63.0,16.0
60000,37.0,22.0,76.0,-71.0,71.0,58.0
60040,2.0,41.0,-59.0,-55.0,91.0,-18.0
60080,27.0,-37.0,-86.0,-38.0,141.0,13.0
60120,8.0,33.0,82.0,-50.0,126.0,25.0
60160,8.0,8.0,-50.0,-73.0,110.0,0.0
60200,18.0,-94.0,-91.0,-78.0,110.0,-30.0
60240,-9.0,104.0,46.0,-78.0,88.0,-31.0
60280,20.0,-145.0,-80.0,-40.0,114.0,-106.0
60320,16.0,-3.0,2.0,-43.0,120.0,-40.0
60360,19.0,-2.0,-58.0,-83.0,94.0,17.0
60400,41.0,-103.0,-107.0,-85.0,136.0,-62.0
60440,31.0,-43.0,24.0,-69.0,136.0,-38.0
60480,16.0,22.0,-61.0,-31.0,141.0,-35.0
60520,41.0,-163.0,-123.0,-7.0,174.0,-86.0
60560,12.0,59.0,103.0,-21.0,158.0,2.0
60600,23.0,-86.0,-54.0,-15.0,155.0,-43.0
60640,38.0,-43.0,-51.0,-13.0,170.0,-53.0
60680,27.0,65.0,35.0,-39.0,147.0,-16.0
60720,52.0,-79.0,-89.0,-51.0,164.0,-70.0
60760,56.0,-29.0,-21.0,-44.0,162.0,-79.0
60800,24.0,73.0,-4.0,-45.0,130.0,-73.0
60840,36.0,-98.0,-126.0,-22.0,151.0,-153.0
60880,31.0,4.0,14.0,-30.0,143.0,-77.0
60920,15.0,20.0,-71.0,-46.0,131.0,-76.0
60960,38.0,-113.0,-143.0,-39.0,145.0,-79.0
61000,7.0,48.0,1.0,-29.0,109.0,-46.0
61040,-2.0,-66.0,-91.0,12.0,94.0,-148.0
61080,7.0,-90.0,-79.0,29.0,97.0,-75.0
61120,-20.0,26.0,-27.0,26.0,77.0,-121.0
61160,-5.0,-138.0,-109.0,19.0,97.0,-164.0
61200,-16.0,-110.0,-16.0,9.0,95.0,-110.0
61240,-59.0,-40.0,-35.0,-12.0,53.0,-99.0
61280,-58.0,-118.0,-146.0,-30.0,70.0,-20.0
61320,-74.0,-137.0,20.0,-41.0,84.0,-154.0
61360,-114.0,38.0,39.0,5.0,68.0,-183.0
61400,-93.0,-166.0,-134.0,33.0,63.0,12.0
61440,-128.0,-17.0,70.0,12.0,21.0,-111.0
61480,-153.0,-58.0,17.0,-13.0,-20.0,11.0
61520,-148.0,-76.0,-16.0,-17.0,-21.0,-96.0
61560,-185.0,54.0,67.0,-46.0,-44.0,88.0
61600,-193.0,-32.0,-57.0,-3.0,-6.0,-45.0
61640,-175.0,-59.0,106.0,14.0,35.0,-14.0
61680,-224.0,79.0,121.0,-32.0,29.0,17.0
61720,-224.0,-99.0,-91.0,-20.0,62.0,-45.0
61760,-231.0,5.0,144.0,-3.0,31.0,-11.0
61800,-241.0,25.0,126.0,22.0,-37.0,17.0
61840,-227.0,-106.0,-39.0,20.0,-58.0,-58.0
61880,-266.0,48.0,133.0,-47.0,-97.0,127.0
61920,-286.0,-27.0,112.0,-64.0,-89.0,72.0
61960,-277.0,-37.0,92.0,-42.0,-18.0,-7.0
62000,-321.0,43.0,183.0,11.0,-21.0,36.0
62040,-316.0,38.0,120.0,69.0,-21.0,49.0
62080,-288.0,9.0,98.0,49.0,-2.0,139.0
62120,-322.0,119.0,163.0,-16.0,-6.0,107.0
62160,-341.0,-45.0,58.0,11.0,30.0,64.0
62200,-362.0,91.0,146.0,38.0,46.0,115.0
62240,-362.0,116.0,113.0,25.0,13.0,169.0
62280,-307.0,41.0,71.0,44.0,15.0,26.0
62320,-308.0,22.0,196.0,1.0,-37.0,77.0
62360,-331.0,155.0,113.0,13.0,-59.0,2.0
62400,-288.0,-91.0,-36.0,54.0,-10.0,35.0
62440,-302.0,138.0,175.0,31.0,11.0,52.0
62480,-285.0,-49.0,-25.0,39.0,23.0,63.0
62520,-268.0,-31.0,1.0,15.0,48.0,50.0
62560,-278.0,91.0,107.0,0.0,25.0,33.0
62600,-222.0,-64.0,-2.0,50.0,45.0,-69.0
62640,-181.0,1.0,73.0,83.0,23.0,-22.0
62680,-174.0,50.0,48.0,112.0,-24.0,-53.0
62720,-112.0,-111.0,-66.0,117.0,-7.0,-87.0
62760,-109.0,-14.0,62.0,74.0,-46.0,-54.0
62800,-108.0,-34.0,-45.0,48.0,-116.0,72.0
62840,-45.0,-127.0,-52.0,41.0,-104.0,-51.0
62880,-20.0,20.0,122.0,50.0,-78.0,15.0
62920,-26.0,-28.0,-40.0,105.0,-15.0,-81.0
62960,-18.0,-42.0,-24.0,125.0,38.0,-75.0
63000,-15.0,54.0,78.0,54.0,-9.0,162.0
63040,13.0,1.0,-57.0,50.0,-20.0,-81.0
63080,27.0,28.0,-17.0,45.0,-10.0,10.0
63120,1.0,112.0,0.0,77.0,-75.0,-42.0
63160,37.0,-54.0,-116.0,104.0,-87.0,14.0
63200,51.0,103.0,45.0,39.0,-106.0,2.0
63240,57.0,33.0,1.0,-37.0,-94.0,-17.0
63280,69.0,24.0,-59.0,27.0,-26.0,-41.0
63320,49.0,48.0,-10.0,88.0,-9.0,-69.0
63360,49.0,48.0,-11.0,109.0,-8.0,-62.0
63400,75.0,-62.0,-71.0,46.0,-24.0,57.0
63440,68.0,89.0,50.0,-32.0,-61.0,38.0
63480,78.0,15.0,-41.0,13.0,-51.0,-7.0
63520,93.0,42.0,27.0,79.0,-21.0,-62.0
63560,68.0,105.0,86.0,70.0,-10.0,54.0
63600,102.0,5.0,-7.0,31.0,32.0,104.0
63640,136.0,36.0,72.0,-48.0,35.0,129.0
63680,136.0,181.0,50.0,-39.0,14.0,95.0
63720,145.0,-37.0,-68.0,20.0,71.0,65.0
63760,110.0,153.0,128.0,17.0,79.0,143.0
63800,136.0,39.0,-24.0,-10.0,63.0,157.0
63840,145.0,-4.0,-33.0,-64.0,90.0,83.0
63880,127.0,154.0,140.0,-90.0,72.0,91.0
63920,133.0,20.0,-55.0,-50.0,99.0,68.0
63960,157.0,25.0,-8.0,-31.0,131.0,49.0
64000,101.0,136.0,54.0,-51.0,104.0,83.0
64040,131.0,-7.0,-40.0,-52.0,111.0,-12.0
64080,125.0,43.0,30.0,-35.0,122.0,52.0
64120,130.0,84.0,11.0,-25.0,117.0,75.0
64160,142.0,-83.0,-73.0,-30.0,148.0,22.0
64200,119.0,94.0,66.0,-59.0,133.0,109.0
64240,100.0,22.0,-47.0,-56.0,126.0,59.0
64280,114.0,-31.0,-57.0,-10.0,174.0,-43.0
64320,113.0,33.0,42.0,-31.0,150.0,89.0
64360,114.0,22.0,-86.0,-53.0,166.0,-3.0
64400,150.0,-73.0,-81.0,-34.0,205.0,-76.0
64440,142.0,149.0,36.0,-12.0,165.0,-37.0
64480,196.0,-131.0,-160.0,-9.0,139.0,0.0
64520,178.0,2.0,-79.0,-55.0,116.0,47.0
64560,190.0,74.0,-56.0,-105.0,79.0,5.0
64600,222.0,-104.0,-188.0,-59.0,99.0,-87.0
64640,239.0,76.0,-43.0,-1.0,101.0,-49.0
64680,255.0,-5.0,-124.0,2.0,89.0,-68.0
64720,320.0,-18.0,-145.0,11.0,126.0,-80.0
64760,307.0,26.0,-83.0,-44.0,109.0,-25.0
64800,321.0,31.0,-123.0,-42.0,104.0,-69.0
64840,362.0,-94.0,-99.0,22.0,107.0,-56.0
64880,356.0,122.0,-6.0,18.0,60.0,1.0
64920,381.0,-110.0,-155.0,30.0,74.0,-95.0
64960,374.0,1.0,0.0,26.0,95.0,-73.0
65000,349.0,31.0,-11.0,21.0,70.0,-42.0
65040,351.0,-94.0,-135.0,40.0,58.0,-82.0
65080,354.0,-50.0,-16.0,-2.0,21.0,-16.0
65120,331.0,38.0,-24.0,-46.0,-18.0,-39.0
65160,346.0,-130.0,-155.0,-48.0,3.0,-18.0
65200,300.0,24.0,19.0,-38.0,7.0,-75.0
65240,281.0,-36.0,-34.0,31.0,25.0,-106.0
65280,261.0,-109.0,-84.0,62.0,55.0,-99.0
65320,219.0,52.0,28.0,14.0,16.0,-12.0
65360,222.0,-119.0,-105.0,-3.0,22.0,-58.0
65400,223.0,-63.0,5.0,-12.0,32.0,-56.0
65440,162.0,-3.0,21.0,-14.0,-11.0,13.0
65480,166.0,-105.0,-80.0,8.0,2.0,-54.0
65520,147.0,-70.0,85.0,-4.0,-22.0,-3.0
65560,122.0,61.0,109.0,-26.0,-55.0,-14.0
65600,136.0,-166.0,-72.0,-23.0,-13.0,-98.0
65640,111.0,16.0,157.0,26.0,1.0,-51.0
65680,71.0,-68.0,60.0,53.0,29.0,-110.0
65720,50.0,-166.0,-16.0,39.0,52.0,-57.0
65760,9.0,-9.0,115.0,-47.0,14.0,77.0
65800,12.0,-139.0,37.0,-34.0,-5.0,-39.0
65840,31.0,-60.0,104.0,-24.0,-3.0,-16.0
65880,-17.0,-14.0,114.0,-18.0,-45.0,60.0
65920,-8.0,-113.0,47.0,2.0,-45.0,-43.0
65960,-32.0,-98.0,167.0,-26.0,-36.0,20.0
66000,-74.0,96.0,128.0,-47.0,-33.0,-47.0
66040,-67.0,-178.0,-51.0,-11.0,15.0,-15.0
66080,-83.0,44.0,232.0,14.0,33.0,8.0
66120,-98.0,-60.0,82.0,1.0,19.0,-9.0
66160,-64.0,-75.0,56.0,8.0,30.0,-27.0
66200,-92.0,-7.0,195.0,6.0,-12.0,29.0
66240,-97.0,-34.0,130.0,33.0,-16.0,-120.0
66280,-85.0,-91.0,79.0,54.0,4.0,3.0
66320,-111.0,70.0,182.0,10.0,-51.0,98.0
66360,-100.0,-151.0,31.0,-12.0,-37.0,10.0
66400,-87.0,-2.0,187.0,-59.0,-51.0,35.0
66440,-77.0,56.0,128.0,-56.0,-88.0,8.0
66480,-27.0,-137.0,54.0,-4.0,-53.0,0.0
66520,-51.0,63.0,223.0,26.0,-43.0,8.0
66560,-58.0,-7.0,107.0,51.0,-23.0,-44.0
66600,-7.0,-12.0,32.0,31.0,27.0,33.0
66640,-13.0,-2.0,125.0,10.0,19.0,-4.0
66680,-3.0,78.0,66.0,31.0,-4.0,12.0
66720,53.0,-76.0,7.0,47.0,-47.0,3.0
66760,45.0,147.0,90.0,13.0,-106.0,64.0
66800,95.0,-65.0,-58.0,-19.0,-133.0,50.0
66840,130.0,28.0,68.0,-39.0,-127.0,13.0
66880,129.0,117.0,41.0,-6.0,-117.0,29.0
66920,154.0,-2.0,-55.0,67.0,-32.0,-114.0
66960,138.0,51.0,77.0,96.0,17.0,-5.0
67000,128.0,82.0,14.0,68.0,-3.0,50.0
67040,188.0,-32.0,-101.0,43.0,-3.0,46.0
67080,202.0,135.0,20.0,16.0,-56.0,101.0
67120,212.0,80.0,-66.0,32.0,-81.0,20.0
67160,226.0,17.0,-73.0,61.0,-36.0,-12.0
67200,172.0,84.0,-50.0,46.0,-69.0,57.0
67240,182.0,27.0,-114.0,11.0,-69.0,29.0
67280,215.0,19.0,-64.0,-26.0,-47.0,42.0
67320,218.0,90.0,-22.0,-42.0,-49.0,66.0
67360,223.0,-37.0,-144.0,-21.0,-22.0,90.0
67400,191.0,17.0,-30.0,-15.0,-2.0,122.0
67440,155.0,94.0,-22.0,-6.0,21.0,104.0
67480,190.0,-4.0,-59.0,8.0,66.0,45.0
67520,171.0,112.0,20.0,7.0,63.0,87.0
67560,179.0,76.0,-49.0,8.0,34.0,69.0
67600,182.0,-16.0,-87.0,24.0,31.0,15.0
67640,156.0,140.0,42.0,2.0,5.0,75.0
67680,164.0,19.0,-144.0,-14.0,12.0,67.0
67720,159.0,8.0,-100.0,-25.0,47.0,121.0
67760,120.0,93.0,-15.0,-73.0,49.0,149.0
67800,123.0,12.0,-164.0,-50.0,131.0,31.0
67840,100.0,-35.0,-116.0,-15.0,193.0,88.0
67880,81.0,173.0,-38.0,0.0,127.0,74.0
67920,113.0,-158.0,-214.0,-4.0,124.0,30.0
67960,69.0,183.0,-7.0,-67.0,92.0,96.0
68000,72.0,-13.0,-133.0,-66.0,99.0,-3.0
68040,64.0,-3.0,-106.0,-30.0,149.0,17.0
68080,44.0,107.0,-5.0,-43.0,139.0,82.0
68120,39.0,0.0,-136.0,-72.0,164.0,63.0
68160,37.0,-18.0,-59.0,-92.0,197.0,21.0
68200,-13.0,138.0,-9.0,-80.0,213.0,-22.0
68240,3.0,-60.0,-166.0,-22.0,246.0,-40.0
68280,-22.0,30.0,-48.0,-10.0,230.0,-36.0
68320,-37.0,58.0,-49.0,-76.0,189.0,-9.0
68360,-18.0,-40.0,-152.0,-85.0,194.0,-106.0
68400,-41.0,16.0,-80.0,-57.0,178.0,-44.0
68440,-63.0,22.0,-110.0,-42.0,170.0,-67.0
68480,-55.0,-89.0,-205.0,-25.0,202.0,-56.0
68520,-52.0,59.0,-112.0,-54.0,183.0,-22.0
68560,-31.0,14.0,-196.0,-66.0,164.0,-28.0
68600,-8.0,-122.0,-202.0,-17.0,182.0,-89.0
68640,-42.0,117.0,-95.0,1.0,162.0,-47.0
68680,-22.0,-107.0,-261.0,3.0,165.0,-57.0
68720,-10.0,-12.0,-137.0,-23.0,168.0,-12.0
68760,-8.0,69.0,-130.0,-33.0,141.0,-88.0
68800,37.0,-65.0,-249.0,17.0,167.0,-139.0
68840,35.0,8.0,-125.0,24.0,180.0,-81.0
68880,19.0,70.0,-157.0,6.0,160.0,-81.0
68920,49.0,-130.0,-195.0,16.0,155.0,-105.0
68960,26.0,111.0,-36.0,-42.0,99.0,-42.0
69000,39.0,-33.0,-195.0,-69.0,58.0,1.0
69040,48.0,-37.0,-142.0,-28.0,83.0,-39.0
69080,5.0,106.0,-42.0,-27.0,74.0,-18.0
69120,-4.0,22.0,-177.0,-11.0,95.0,-42.0
69160,-1.0,-35.0,-143.0,10.0,115.0,-10.0
69200,-21.0,152.0,-32.0,-28.0,83.0,52.0
69240,-1.0,-115.0,-200.0,-57.0,70.0,28.0
69280,-27.0,73.0,-53.0,-36.0,56.0,-4.0
69320,-55.0,38.0,-108.0,28.0,29.0,-9.0
69360,-43.0,-36.0,-130.0,63.0,40.0,-32.0
69400,-76.0,-2.0,-38.0,14.0,15.0,50.0
69440,-96.0,49.0,-91.0,-19.0,1.0,26.0
69480,-85.0,-143.0,-106.0,-4.0,24.0,-32.0
69520,-147.0,123.0,78.0,-4.0,7.0,66.0
69560,-148.0,-76.0,-99.0,30.0,29.0,9.0
69600,-166.0,9.0,29.0,36.0,50.0,53.0
69640,-212.0,99.0,86.0,-7.0,18.0,103.0
69680,-213.0,-2.0,-11.0,2.0,44.0,23.0
69720,-226.0,-7.0,85.0,29.0,52.0,44.0
69760,-256.0,133.0,159.0,51.0,18.0,24.0
69800,-244.0,-92.0,-12.0,76.0,23.0,-31.0
69840,-273.0,52.0,168.0,21.0,22.0,26.0
69880,-308.0,4.0,74.0,-32.0,18.0,-3.0
69920,-320.0,-112.0,15.0,-43.0,15.0,11.0
69960,-352.0,58.0,176.0,-53.0,-35.0,-3.0
70000,-341.0,-80.0,67.0,-25.0,-41.0,-61.0
70040,-334.0,-76.0,106.0,-7.0,-18.0,-65.0
70080,-389.0,40.0,190.0,-8.0,-19.0,-42.0
70120,-385.0,-94.0,63.0,45.0,6.0,-106.0
70160,-406.0,-73.0,199.0,63.0,-9.0,-19.0
70200,-434.0,65.0,193.0,27.0,-62.0,14.0
70240,-398.0,-153.0,21.0,11.0,-72.0,-48.0
70280,-377.0,2.0,239.0,11.0,-92.0,-67.0
70320,-387.0,-13.0,172.0,67.0,-93.0,-114.0
70360,-360.0,-189.0,99.0,89.0,-70.0,-89.0
70400,-406.0,48.0,235.0,19.0,-85.0,-29.0
70440,-369.0,-125.0,116.0,-11.0,-90.0,-66.0
70480,-337.0,-73.0,168.0,-17.0,-71.0,-90.0
70520,-331.0,-19.0,226.0,-29.0,-79.0,-51.0
70560,-316.0,-76.0,122.0,21.0,-77.0,-59.0
70600,-286.0,-52.0,233.0,58.0,-70.0,-96.0
70640,-294.0,74.0,231.0,36.0,-126.0,-46.0
70680,-236.0,-116.0,99.0,11.0,-169.0,-15.0
70720,-226.0,17.0,247.0,-16.0,-176.0,-3.0
70760,-203.0,94.0,160.0,8.0,-165.0,-45.0
70800,-148.0,-130.0,51.0,38.0,-122.0,-66.0
70840,-174.0,102.0,229.0,23.0,-128.0,63.0
70880,-143.0,-92.0,68.0,6.0,-124.0,9.0
70920,-106.0,29.0,106.0,-23.0,-105.0,10.0
70960,-98.0,13.0,165.0,-15.0,-137.0,25.0
71000,-64.0,-19.0,80.0,39.0,-111.0,-40.0
71040,-21.0,-104.0,115.0,84.0,-61.0,-95.0
71080,-42.0,142.0,186.0,69.0,-70.0,35.0
71120,32.0,-83.0,7.0,54.0,-43.0,-18.0
71160,48.0,28.0,123.0,15.0,-41.0,54.0
71200,87.0,76.0,152.0,1.0,-82.0,56.0
71240,114.0,-78.0,-14.0,23.0,-54.0,30.0
71280,105.0,77.0,99.0,27.0,-32.0,87.0
71320,119.0,52.0,43.0,10.0,-11.0,56.0
71360,181.0,-75.0,37.0,-9.0,42.0,73.0
71400,182.0,138.0,122.0,-46.0,25.0,178.0
71440,233.0,-53.0,-35.0,-41.0,4.0,86.0
71480,260.0,-1.0,95.0,-16.0,3.0,129.0
71520,246.0,131.0,101.0,-10.0,3.0,99.0
71560,270.0,-63.0,-76.0,13.0,58.0,73.0
71600,270.0,47.0,86.0,31.0,81.0,53.0
71640,283.0,36.0,19.0,39.0,68.0,35.0
71680,324.0,-88.0,-82.0,34.0,87.0,21.0
71720,314.0,22.0,34.0,11.0,71.0,59.0
71760,328.0,32.0,-40.0,-4.0,68.0,24.0
71800,345.0,-96.0,-91.0,12.0,106.0,3.0
71840,319.0,110.0,23.0,-4.0,100.0,81.0
71880,339.0,-64.0,-109.0,-17.0,121.0,64.0
71920,338.0,-1.0,-26.0,-14.0,160.0,16.0
71960,326.0,103.0,-1.0,-26.0,137.0,52.0
72000,367.0,-38.0,-131.0,-33.0,146.0,17.0
72040,376.0,-22.0,15.0,-42.0,144.0,50.0
72080,361.0,146.0,20.0,-54.0,97.0,52.0
72120,392.0,-106.0,-141.0,-47.0,96.0,31.0
72160,358.0,120.0,50.0,-69.0,113.0,51.0
72200,355.0,5.0,-49.0,-52.0,147.0,-54.0
72240,369.0,-36.0,-68.0,3.0,195.0,-89.0
72280,339.0,23.0,-10.0,3.0,169.0,-16.0
72320,338.0,-13.0,-94.0,-10.0,149.0,-55.0
72360,336.0,-88.0,-77.0,-15.0,146.0,-45.0
72400,285.0,63.0,32.0,-33.0,111.0,-25.0
72440,275.0,-100.0,-92.0,0.0,128.0,-97.0
72480,258.0,-50.0,-5.0,46.0,154.0,-93.0
72520,217.0,64.0,41.0,44.0,137.0,-76.0
72560,235.0,-87.0,-96.0,29.0,154.0,-82.0
72600,227.0,-33.0,-18.0,4.0,124.0,-24.0
72640,229.0,37.0,-1.0,-17.0,84.0,-47.0
72680,238.0,-171.0,-86.0,-3.0,109.0,-136.0
72720,181.0,52.0,54.0,-19.0,114.0,-71.0
72760,184.0,-64.0,-72.0,-28.0,138.0,-107.0
72800,212.0,-132.0,-41.0,-42.0,161.0,-93.0
72840,191.0,41.0,74.0,-93.0,124.0,-76.0
72880,204.0,-132.0,-100.0,-90.0,121.0,-117.0
72920,195.0,-75.0,-12.0,-49.0,113.0,-130.0
72960,172.0,63.0,28.0,-32.0,83.0,-106.0
73000,210.0,-136.0,-123.0,11.0,94.0,-134.0
73040,197.0,6.0,30.0,-1.0,92.0,-49.0
73080,179.0,23.0,-13.0,-34.0,89.0,-33.0
73120,184.0,-136.0,-94.0,-20.0,112.0,-70.0
73160,154.0,57.0,44.0,-15.0,102.0,-11.0
73200,155.0,-27.0,-63.0,16.0,104.0,-74.0
73240,183.0,-82.0,-54.0,55.0,126.0,-84.0
73280,148.0,47.0,25.0,56.0,97.0,-20.0
73320,151.0,-61.0,-78.0,33.0,71.0,49.0
73360,128.0,-113.0,-24.0,-37.0,60.0,120.0
73400,100.0,138.0,70.0,-35.0,42.0,2.0
73440,131.0,-107.0,-70.0,23.0,53.0,54.0
73480,106.0,22.0,65.0,13.0,78.0,-32.0
73520,69.0,66.0,12.0,-6.0,63.0,63.0
73560,79.0,-37.0,-56.0,-19.0,96.0,-20.0
73600,46.0,67.0,92.0,-44.0,84.0,57.0
73640,22.0,55.0,-22.0,-22.0,35.0,57.0
73680,44.0,-68.0,-44.0,-10.0,44.0,39.0
73720,5.0,106.0,129.0,4.0,13.0,91.0
73760,8.0,12.0,-51.0,24.0,17.0,45.0
73800,17.0,-54.0,4.0,7.0,16.0,21.0
73840,-12.0,114.0,109.0,-17.0,-36.0,129.0
73880,1.0,-60.0,-51.0,-32.0,-4.0,3.0
73920,-20.0,50.0,67.0,4.0,23.0,-22.0
73960,-42.0,60.0,90.0,49.0,26.0,-9.0
74000,-31.0,-57.0,-28.0,61.0,63.0,-14.0
74040,-29.0,70.0,87.0,29.0,33.0,91.0
74080,-35.0,47.0,17.0,-17.0,-16.0,117.0
74120,-27.0,-4.0,23.0,3.0,-4.0,-1.0
74160,-81.0,113.0,102.0,30.0,-19.0,28.0
74200,-62.0,62.0,-25.0,44.0,-23.0,10.0
74240,-40.0,-18.0,-5.0,58.0,1.0,-13.0
74280,-79.0,184.0,123.0,13.0,-5.0,2.0
74320,-69.0,-27.0,-64.0,19.0,40.0,-110.0
74360,-80.0,-15.0,12.0,47.0,59.0,-15.0
74400,-109.0,7.0,33.0,23.0,5.0,-14.0
74440,-77.0,-78.0,-92.0,-27.0,-86.0,55.0
74480,-76.0,-29.0,37.0,-107.0,-188.0,164.0
74520,-119.0,117.0,80.0,-95.0,-185.0,0.0
74560,-123.0,-81.0,-11.0,43.0,-68.0,-88.0
74600,-170.0,184.0,160.0,129.0,10.0,-36.0
74640,-164.0,-36.0,3.0,132.0,48.0,11.0
74680,-135.0,26.0,72.0,44.0,35.0,137.0
74720,-121.0,101.0,117.0,-64.0,-59.0,159.0
74760,-110.0,12.0,-53.0,-10.0,-110.0,36.0
74800,-102.0,12.0,52.0,123.0,-100.0,-59.0
74840,-132.0,100.0,93.0,176.0,-122.0,-53.0
74880,-98.0,-49.0,-75.0,154.0,-94.0,-4.0
74920,-107.0,15.0,33.0,23.0,-67.0,20.0
74960,-95.0,40.0,23.0,-69.0,-87.0,103.0
75000,-55.0,-63.0,-78.0,-39.0,-91.0,52.0
75040,-62.0,63.0,34.0,-1.0,-146.0,131.0
75080,-57.0,102.0,-18.0,36.0,-187.0,53.0
75120,-2.0,-17.0,21.0,52.0,-170.0,78.0
75160,-31.0,120.0,117.0,5.0,-135.0,136.0
75200,-85.0,-53.0,-93.0,11.0,-52.0,108.0
75240,-56.0,47.0,135.0,24.0,16.0,63.0
75280,-41.0,190.0,72.0,38.0,5.0,90.0
75320,25.0,-160.0,-196.0,51.0,-52.0,59.0
75360,-9.0,103.0,104.0,2.0,-144.0,169.0
75400,-31.0,-69.0,-15.0,-67.0,-185.0,167.0
75440,-46.0,33.0,-98.0,-78.0,-135.0,126.0
75480,-48.0,49.0,60.0,-4.0,-73.0,-4.0
75520,-14.0,137.0,114.0,127.0,-17.0,1.0
75560,24.0,-84.0,-111.0,153.0,28.0,75.0
75600,-36.0,132.0,-7.0,61.0,11.0,119.0
75640,-22.0,72.0,-42.0,13.0,24.0,32.0
75680,23.0,41.0,-104.0,27.0,21.0,74.0
75720,25.0,137.0,-91.0,41.0,-48.0,88.0
75760,85.0,-21.0,-118.0,57.0,-32.0,-21.0
75800,103.0,23.0,-37.0,10.0,15.0,-15.0
75840,77.0,134.0,-70.0,-46.0,38.0,0.0
75880,98.0,-141.0,-214.0,-77.0,85.0,-35.0
75920,115.0,24.0,-33.0,-87.0,100.0,1.0
75960,147.0,15.0,-139.0,-20.0,71.0,-137.0
76000,190.0,-82.0,-164.0,-7.0,34.0,-11.0
76040,185.0,9.0,-12.0,-92.0,-18.0,53.0
76080,179.0,-70.0,-97.0,-114.0,-22.0,-32.0
76120,169.0,-30.0,-67.0,-67.0,34.0,-74.0
76160,140.0,114.0,-31.0,1.0,66.0,-61.0
76200,181.0,-11.0,-167.0,63.0,124.0,-14.0
76240,190.0,-8.0,-91.0,15.0,120.0,45.0
76280,170.0,70.0,-123.0,-93.0,36.0,128.0
76320,172.0,-52.0,-225.0,-117.0,41.0,26.0
76360,166.0,11.0,-69.0,-82.0,40.0,35.0
76400,170.0,74.0,-121.0,3.0,46.0,18.0
76440,194.0,-75.0,-195.0,49.0,106.0,-130.0
76480,143.0,124.0,-35.0,10.0,122.0,-28.0
76520,145.0,-81.0,-166.0,-26.0,102.0,11.0
76560,149.0,-18.0,-125.0,-65.0,91.0,-10.0
76600,146.0,27.0,-55.0,-45.0,58.0,-75.0
76640,145.0,34.0,-178.0,-19.0,54.0,-35.0
76680,151.0,-32.0,-157.0,-30.0,57.0,-2.0
76720,109.0,83.0,-62.0,-78.0,38.0,52.0
76760,138.0,-100.0,-188.0,-91.0,85.0,-29.0
76800,92.0,44.0,-95.0,-49.0,131.0,-63.0
76840,60.0,76.0,-138.0,-31.0,165.0,-35.0
76880,72.0,-179.0,-188.0,-6.0,195.0,-80.0
76920,56.0,80.0,-31.0,-45.0,137.0,45.0
76960,67.0,-63.0,-194.0,-96.0,95.0,23.0
77000,54.0,-52.0,-148.0,-86.0,103.0,-6.0
77040,19.0,31.0,-23.0,-30.0,101.0,-46.0
77080,25.0,3.0,-112.0,31.0,121.0,-121.0
77120,44.0,-123.0,-127.0,34.0,142.0,-31.0
77160,1.0,86.0,-30.0,-23.0,121.0,7.0
77200,27.0,-169.0,-157.0,-53.0,133.0,-67.0
77240,-2.0,10.0,-43.0,-47.0,137.0,-26.0
77280,-20.0,-6.0,-115.0,-6.0,139.0,-130.0
77320,-6.0,-121.0,-108.0,50.0,178.0,-187.0
77360,-33.0,-44.0,39.0,47.0,150.0,-128.0
77400,-49.0,-33.0,-106.0,-16.0,121.0,-103.0
77440,-24.0,-174.0,-112.0,-48.0,132.0,-151.0
77480,-60.0,-27.0,66.0,-63.0,107.0,-64.0
77520,-59.0,-91.0,-96.0,-18.0,117.0,-161.0
77560,-64.0,-139.0,-67.0,14.0,123.0,-126.0
77600,-95.0,30.0,81.0,-19.0,78.0,-55.0
77640,-75.0,-175.0,-54.0,-66.0,66.0,-72.0
77680,-72.0,-29.0,42.0,-89.0,49.0,-52.0
77720,-77.0,18.0,67.0,-52.0,26.0,-95.0
77760,-74.0,-71.0,15.0,21.0,42.0,-125.0
77800,-101.0,0.0,85.0,18.0,33.0,-26.0
77840,-120.0,10.0,23.0,-21.0,31.0,-73.0
77880,-98.0,-95.0,-2.0,-27.0,43.0,-34.0
77920,-126.0,80.0,139.0,-25.0,5.0,-29.0
77960,-117.0,-41.0,-2.0,14.0,-7.0,-33.0
78000,-107.0,-51.0,68.0,59.0,4.0,-63.0
78040,-150.0,47.0,156.0,19.0,-18.0,21.0
78080,-151.0,-52.0,24.0,-3.0,-20.0,1.0
78120,-137.0,-24.0,106.0,1.0,-25.0,2.0
78160,-159.0,88.0,148.0,13.0,-36.0,-7.0
78200,-125.0,-19.0,38.0,67.0,2.0,-83.0
78240,-122.0,0.0,158.0,71.0,11.0,3.0
78280,-126.0,47.0,135.0,37.0,-7.0,0.0
78320,-92.0,-141.0,50.0,23.0,0.0,-21.0
78360,-116.0,55.0,190.0,-4.0,-27.0,42.0
78400,-113.0,-65.0,88.0,8.0,-31.0,-21.0
78440,-105.0,-84.0,94.0,15.0,-14.0,65.0
78480,-133.0,29.0,191.0,-12.0,-31.0,50.0
78520,-124.0,-60.0,69.0,10.0,-42.0,-43.0
78560,-104.0,-48.0,174.0,45.0,-81.0,49.0
78600,-127.0,76.0,206.0,10.0,-122.0,6.0
78640,-103.0,-68.0,29.0,-19.0,-118.0,88.0
78680,-102.0,39.0,210.0,9.0,-80.0,-5.0
78720,-121.0,77.0,147.0,24.0,-46.0,45.0
78760,-100.0,-105.0,29.0,33.0,13.0,-29.0
78800,-126.0,73.0,199.0,30.0,27.0,11.0
78840,-100.0,1.0,97.0,55.0,6.0,15.0
78880,-62.0,-54.0,111.0,40.0,-8.0,44.0
78920,-73.0,65.0,186.0,-10.0,-89.0,59.0
78960,-36.0,-30.0,110.0,10.0,-114.0,12.0
79000,-5.0,-10.0,158.0,2.0,-106.0,58.0
79040,-20.0,106.0,189.0,-11.0,-121.0,68.0
79080,16.0,0.0,127.0,19.0,-65.0,1.0
79120,37.0,36.0,210.0,9.0,-29.0,100.0
79160,37.0,53.0,185.0,-10.0,-44.0,92.0
79200,59.0,-67.0,97.0,3.0,-30.0,42.0
79240,57.0,102.0,227.0,11.0,-44.0,66.0
79280,73.0,9.0,121.0,-5.0,-61.0,91.0
79320,83.0,-11.0,71.0,-33.0,-47.0,85.0
79360,58.0,-44.0,181.0,-35.0,-68.0,57.0
79400,89.0,152.0,148.0,-10.0,-75.0,68.0
79440,145.0,-146.0,32.0,7.0,-62.0,44.0
79480,101.0,160.0,213.0,13.0,-71.0,129.0
79520,112.0,-97.0,27.0,42.0,-31.0,25.0
79560,92.0,55.0,91.0,20.0,-6.0,107.0
79600,97.0,102.0,52.0,1.0,-16.0,107.0
79640,155.0,-21.0,72.0,36.0,24.0,41.0
79680,170.0,99.0,183.0,61.0,40.0,-5.0
79720,164.0,28.0,38.0,49.0,51.0,45.0
79760,180.0,1.0,41.0,46.0,100.0,-1.0
79800,178.0,94.0,143.0,-1.0,86.0,104.0
79840,200.0,41.0,-32.0,-32.0,69.0,5.0
79880,234.0,-42.0,-7.0,-26.0,64.0,19.0
79920,227.0,72.0,62.0,-29.0,45.0,23.0
79960,237.0,-86.0,-66.0,-11.0,84.0,-20.0
80000,199.0,15.0,29.0,-3.0,123.0,-2.0
80040,183.0,3.0,21.0,-21.0,133.0,27.0
80080,206.0,-38.0,-96.0,15.0,154.0,-47.0
80120,204.0,29.0,-8.0,31.0,153.0,-1.0
80160,207.0,93.0,-63.0,-11.0,143.0,6.0
80200,240.0,-147.0,-144.0,-43.0,173.0,43.0
80240,193.0,93.0,27.0,-54.0,154.0,30.0
80280,192.0,-9.0,-95.0,-23.0,145.0,-49.0
80320,214.0,-5.0,-74.0,24.0,170.0,-53.0
80360,207.0,78.0,1.0,25.0,146.0,-46.0
80400,230.0,-65.0,-89.0,22.0,159.0,-24.0
80440,222.0,-21.0,-12.0,-26.0,171.0,7.0
80480,202.0,35.0,18.0,-74.0,150.0,61.0
80520,223.0,-79.0,-73.0,-24.0,179.0,-89.0
80560,220.0,22.0,51.0,15.0,175.0,-30.0
80600,208.0,57.0,-14.0,5.0,149.0,-18.0
80640,228.0,-89.0,-76.0,-30.0,147.0,-2.0
80680,195.0,44.0,59.0,-85.0,115.0,35.0
80720,193.0,30.0,-46.0,-101.0,95.0,24.0
80760,206.0,-105.0,-110.0,-77.0,108.0,22.0
80800,174.0,124.0,35.0,-53.0,111.0,-12.0
80840,204.0,-28.0,-73.0,-37.0,126.0,-37.0
80880,209.0,-16.0,-19.0,-52.0,123.0,29.0
80920,185.0,88.0,7.0,-59.0,78.0,59.0
80960,184.0,-40.0,-103.0,-42.0,86.0,-31.0
81000,160.0,41.0,15.0,-15.0,70.0,-4.0
81040,137.0,106.0,-17.0,12.0,45.0,-23.0
81080,186.0,-79.0,-102.0,33.0,69.0,-52.0
81120,167.0,59.0,61.0,8.0,44.0,-5.0
81160,160.0,19.0,-56.0,15.0,21.0,-10.0
81200,164.0,-72.0,-82.0,23.0,41.0,-31.0
81240,148.0,77.0,50.0,4.0,16.0,62.0
81280,153.0,-59.0,-110.0,30.0,30.0,-45.0
81320,138.0,-29.0,-59.0,51.0,53.0,-29.0
81360,102.0,43.0,-25.0,30.0,42.0,25.0
81400,123.0,-74.0,-181.0,24.0,65.0,-47.0
81440,127.0,-71.0,-63.0,9.0,52.0,-69.0
81480,111.0,45.0,-46.0,-6.0,-2.0,-43.0
81520,144.0,-146.0,-196.0,-1.0,-18.0,-98.0
81560,114.0,0.0,-59.0,-12.0,-37.0,-42.0
81600,109.0,-24.0,-96.0,-9.0,-33.0,-103.0
81640,98.0,-173.0,-170.0,7.0,6.0,-96.0
81680,49.0,84.0,-29.0,31.0,4.0,-72.0
81720,27.0,-119.0,-173.0,50.0,19.0,-49.0
81760,30.0,-63.0,-60.0,48.0,31.0,-64.0
81800,-16.0,-4.0,-48.0,25.0,-7.0,-21.0
81840,-13.0,-48.0,-150.0,33.0,1.0,-87.0
81880,-25.0,-102.0,-64.0,32.0,-7.0,-40.0
81920,-63.0,51.0,15.0,33.0,-32.0,-66.0
81960,-57.0,-171.0,-154.0,55.0,-13.0,-107.0
82000,-93.0,-5.0,20.0,30.0,-27.0,-31.0
82040,-108.0,-17.0,-35.0,11.0,-25.0,-46.0
82080,-103.0,-135.0,-92.0,6.0,-6.0,-53.0
82120,-113.0,21.0,56.0,-14.0,-31.0,-12.0
82160,-126.0,-62.0,-49.0,-16.0,-34.0,-72.0
82200,-104.0,-57.0,16.0,-14.0,-18.0,-38.0
82240,-145.0,35.0,103.0,-38.0,-57.0,36.0
82280,-125.0,-30.0,22.0,-46.0,-72.0,-14.0
82320,-131.0,-55.0,117.0,-27.0,-72.0,-37.0
82360,-165.0,159.0,172.0,-12.0,-83.0,30.0
82400,-156.0,-112.0,-27.0,8.0,-70.0,42.0
82440,-167.0,86.0,176.0,-41.0,-77.0,102.0
82480,-176.0,9.0,98.0,-58.0,-94.0,36.0
82520,-160.0,26.0,66.0,-28.0,-67.0,-7.0
82560,-190.0,0.0,147.0,5.0,-94.0,41.0
82600,-198.0,80.0,123.0,30.0,-107.0,15.0
82640,-170.0,-122.0,39.0,14.0,-114.0,-8.0
82680,-220.0,163.0,172.0,-37.0,-147.0,73.0
82720,-216.0,-80.0,-36.0,3.0,-124.0,26.0
82760,-212.0,28.0,118.0,55.0,-91.0,-11.0
82800,-212.0,72.0,118.0,79.0,-113.0,68.0
82840,-183.0,-35.0,-33.0,70.0,-104.0,32.0
82880,-161.0,26.0,104.0,38.0,-115.0,75.0
82920,-164.0,93.0,70.0,21.0,-148.0,68.0
82960,-124.0,-92.0,-69.0,44.0,-132.0,26.0
83000,-151.0,101.0,65.0,58.0,-116.0,7.0
83040,-130.0,-32.0,-42.0,64.0,-96.0,-11.0
83080,-107.0,-37.0,-21.0,48.0,-67.0,3.0
83120,-111.0,20.0,18.0,12.0,-90.0,35.0
83160,-97.0,-29.0,-68.0,14.0,-92.0,-63.0
83200,-74.0,-48.0,7.0,58.0,-102.0,-59.0
83240,-110.0,101.0,-8.0,83.0,-128.0,-28.0
83280,-73.0,-91.0,-139.0,107.0,-100.0,-96.0
83320,-93.0,-53.0,5.0,86.0,-85.0,3.0
83360,-127.0,60.0,-11.0,41.0,-75.0,24.0
83400,-107.0,-113.0,-158.0,39.0,-28.0,-7.0
83440,-104.0,82.0,12.0,55.0,-36.0,3.0
83480,-75.0,-17.0,-54.0,86.0,-65.0,-7.0
83520,-32.0,-8.0,-95.0,84.0,-47.0,18.0
83560,-34.0,14.0,-30.0,21.0,-56.0,80.0
83600,-37.0,44.0,-67.0,11.0,-28.0,9.0
83640,-13.0,-50.0,-61.0,38.0,8.0,-6.0
83680,-23.0,125.0,-8.0,36.0,-21.0,46.0
83720,30.0,-65.0,-130.0,24.0,-25.0,30.0
83760,31.0,57.0,2.0,-17.0,-25.0,51.0
83800,35.0,124.0,-12.0,-37.0,-40.0,38.0
83840,77.0,0.0,-111.0,11.0,-15.0,-19.0
83880,84.0,116.0,66.0,41.0,-20.0,37.0
83920,75.0,125.0,-25.0,31.0,-26.0,56.0
83960,87.0,29.0,-96.0,-18.0,4.0,85.0
84000,50.0,157.0,57.0,-70.0,5.0,149.0
84040,40.0,79.0,-48.0,-40.0,26.0,82.0
84080,42.0,74.0,-25.0,31.0,59.0,58.0
84120,22.0,209.0,51.0,37.0,28.0,115.0
84160,49.0,14.0,-69.0,12.0,19.0,113.0
84200,43.0,118.0,38.0,-32.0,5.0,118.0
84240,32.0,147.0,2.0,-60.0,-38.0,163.0
84280,50.0,49.0,-85.0,-10.0,-14.0,85.0
84320,18.0,111.0,26.0,11.0,-3.0,133.0
84360,1.0,169.0,-15.0,5.0,-1.0,131.0
84400,25.0,-14.0,-114.0,15.0,45.0,79.0
84440,10.0,157.0,9.0,26.0,69.0,-18.0
84480,22.0,20.0,-108.0,-5.0,35.0,95.0
84520,21.0,-45.0,-110.0,-30.0,32.0,37.0
84560,7.0,126.0,-18.0,-21.0,25.0,32.0
84600,6.0,-36.0,-135.0,29.0,53.0,-36.0
84640,-17.0,-32.0,-87.0,24.0,52.0,-72.0
84680,-57.0,-13.0,-75.0,-20.0,4.0,90.0
84720,-29.0,-29.0,-161.0,-23.0,39.0,-182.0
84760,-42.0,-143.0,-85.0,-46.0,16.0,54.0
84800,-99.0,99.0,-78.0,-18.0,9.0,-23.0
84840,-59.0,-223.0,-172.0,12.0,50.0,-95.0
84880,-102.0,99.0,38.0,5.0,36.0,-22.0
84920,-101.0,-125.0,-131.0,-37.0,25.0,-55.0
84960,-121.0,-126.0,-94.0,-43.0,68.0,-45.0
85000,-129.0,58.0,36.0,1.0,50.0,-73.0
85040,-116.0,-54.0,-151.0,24.0,24.0,-108.0
85080,-111.0,-65.0,-108.0,-7.0,-1.0,-39.0
85120,-132.0,-3.0,11.0,-74.0,-35.0,-68.0
85160,-99.0,-113.0,-114.0,-52.0,-16.0,-123.0
85200,-107.0,-10.0,-87.0,-24.0,-14.0,-101.0
85240,-105.0,-19.0,-71.0,-36.0,-4.0,-62.0
85280,-57.0,-144.0,-45.0,-13.0,20.0,-142.0
85320,-83.0,26.0,4.0,-19.0,-6.0,-54.0
85360,-68.0,3.0,-92.0,-6.0,-8.0,-119.0
85400,-41.0,-163.0,-72.0,-10.0,4.0,-64.0
85440,-38.0,39.0,150.0,-40.0,-27.0,-27.0
85480,-30.0,-48.0,-89.0,-51.0,-39.0,-54.0
85520,4.0,-78.0,11.0,-50.0,-43.0,-26.0
85560,-19.0,73.0,153.0,-37.0,-85.0,-3.0
85600,12.0,-103.0,-15.0,-33.0,-68.0,-26.0
85640,9.0,-8.0,64.0,-60.0,-54.0,-5.0
85680,-16.0,69.0,99.0,-67.0,-66.0,56.0
85720,-4.0,-120.0,-27.0,-40.0,-28.0,5.0
85760,-38.0,86.0,132.0,-56.0,-24.0,77.0
85800,-33.0,7.0,5.0,-43.0,-26.0,-9.0
85840,-16.0,-17.0,1.0,1.0,-31.0,-51.0
85880,-31.0,59.0,121.0,-1.0,-70.0,13.0
85920,-29.0,5.0,-17.0,-9.0,-72.0,-19.0
85960,-6.0,-107.0,-28.0,-11.0,-58.0,37.0
86000,-46.0,121.0,88.0,-37.0,-58.0,17.0
86040,-24.0,-144.0,-79.0,-36.0,-28.0,-7.0
86080,-45.0,8.0,21.0,-12.0,-14.0,-12.0
86120,-35.0,-37.0,50.0,20.0,-23.0,-34.0
86160,-28.0,-69.0,-43.0,28.0,21.0,-69.0
86200,-26.0,-63.0,85.0,-7.0,31.0,-22.0
86240,-63.0,28.0,51.0,-23.0,18.0,-14.0
86280,-23.0,-189.0,-51.0,1.0,28.0,-56.0
86320,-78.0,49.0,100.0,-30.0,15.0,-23.0
86360,-75.0,-80.0,-2.0,-37.0,21.0,-70.0
86400,-81.0,-82.0,-6.0,-11.0,42.0,-114.0
86440,-97.0,50.0,98.0,-15.0,54.0,-132.0
86480,-102.0,-98.0,-33.0,-33.0,57.0,-82.0
86520,-118.0,-91.0,51.0,-7.0,44.0,11.0
86560,-165.0,32.0,69.0,-43.0,36.0,-28.0
86600,-146.0,-143.0,-64.0,-47.0,48.0,-44.0
86640,-167.0,-3.0,131.0,-16.0,40.0,-114.0
86680,-195.0,31.0,67.0,-3.0,65.0,-2.0
86720,-154.0,-122.0,11.0,38.0,103.0,-95.0
86760,-172.0,5.0,199.0,-13.0,83.0,76.0
86800,-193.0,-20.0,102.0,-33.0,73.0,-67.0
86840,-175.0,-65.0,59.0,-27.0,79.0,11.0
86880,-162.0,122.0,214.0,-18.0,41.0,25.0
86920,-115.0,-95.0,85.0,30.0,38.0,-73.0
86960,-101.0,34.0,187.0,7.0,71.0,5.0
87000,-110.0,22.0,163.0,-34.0,56.0,27.0
87040,-100.0,-50.0,104.0,-39.0,65.0,26.0
87080,-97.0,-22.0,183.0,-52.0,73.0,41.0
87120,-87.0,126.0,182.0,-55.0,52.0,28.0
87160,-64.0,-80.0,20.0,-17.0,68.0,55.0
87200,-84.0,171.0,230.0,-28.0,40.0,75.0
87240,-60.0,17.0,101.0,-41.0,8.0,127.0
87280,-31.0,23.0,130.0,-29.0,16.0,15.0
87320,-62.0,159.0,189.0,-28.0,13.0,136.0
87360,-38.0,42.0,68.0,39.0,61.0,-6.0
87400,-9.0,20.0,125.0,46.0,85.0,28.0
87440,-44.0,156.0,149.0,40.0,53.0,67.0
87480,-5.0,-21.0,-32.0,21.0,61.0,49.0
87520,11.0,-16.0,115.0,-33.0,33.0,101.0
87560,4.0,111.0,114.0,17.0,-7.0,-14.0
87600,40.0,-84.0,-19.0,80.0,9.0,-53.0
87640,53.0,93.0,110.0,53.0,-12.0,36.0
87680,82.0,-38.0,3.0,24.0,-37.0,55.0
87720,121.0,-23.0,-4.0,6.0,-16.0,27.0
87760,117.0,59.0,44.0,-7.0,-30.0,82.0
87800,122.0,-1.0,-107.0,12.0,-35.0,37.0
87840,143.0,-74.0,-20.0,29.0,0.0,-15.0
87880,125.0,116.0,34.0,30.0,4.0,43.0
87920,170.0,-47.0,-154.0,45.0,11.0,18.0
87960,172.0,22.0,-32.0,46.0,15.0,0.0
88000,159.0,55.0,-46.0,29.0,9.0,11.0
88040,173.0,-89.0,-148.0,21.0,28.0,-47.0
88080,145.0,35.0,-41.0,25.0,-9.0,11.0
88120,141.0,5.0,-87.0,33.0,-44.0,-30.0
88160,167.0,-75.0,-90.0,17.0,-30.0,-37.0
88200,146.0,67.0,28.0,11.0,-57.0,40.0
88240,141.0,-31.0,-69.0,19.0,-39.0,-50.0
88280,143.0,-30.0,-25.0,47.0,5.0,-32.0
88320,107.0,81.0,43.0,41.0,-14.0,31.0
88360,139.0,-26.0,-83.0,12.0,-4.0,32.0
88400,156.0,-28.0,-11.0,-14.0,-27.0,51.0
88440,154.0,135.0,55.0,-34.0,-84.0,76.0
88480,189.0,-83.0,-82.0,-6.0,-69.0,-48.0
88520,152.0,57.0,69.0,18.0,-46.0,48.0
88560,136.0,25.0,37.0,-16.0,-37.0,70.0
88600,161.0,-78.0,-44.0,-59.0,-21.0,49.0
88640,153.0,58.0,73.0,-105.0,-49.0,118.0
88680,146.0,32.0,2.0,-98.0,-64.0,37.0
88720,147.0,-72.0,23.0,-37.0,-53.0,24.0
88760,92.0,152.0,149.0,-14.0,-75.0,60.0
88800,94.0,-21.0,-3.0,-16.0,-57.0,-8.0
88840,63.0,17.0,92.0,-25.0,-44.0,52.0
88880,49.0,169.0,151.0,-38.0,-63.0,94.0
88920,67.0,-71.0,-37.0,-13.0,-45.0,14.0
88960,42.0,116.0,124.0,4.0,-44.0,56.0
89000,7.0,67.0,45.0,8.0,-48.0,9.0
89040,21.0,-44.0,-30.0,11.0,-18.0,29.0
89080,-9.0,82.0,69.0,-12.0,-34.0,51.0
89120,8.0,9.0,-21.0,-22.0,-46.0,-21.0
89160,30.0,-71.0,-44.0,14.0,-21.0,-53.0
89200,13.0,88.0,32.0,5.0,-17.0,10.0
89240,21.0,-99.0,-122.0,0.0,9.0,-48.0
89280,32.0,-14.0,-28.0,-13.0,31.0,-54.0
89320,26.0,19.0,-27.0,-40.0,-9.0,12.0
89360,64.0,-55.0,-138.0,-12.0,-22.0,-67.0
89400,78.0,-86.0,-39.0,12.0,-34.0,-61.0
89440,67.0,104.0,-44.0,7.0,-48.0,-49.0
89480,101.0,-220.0,-196.0,38.0,-8.0,-131.0
89520,68.0,67.0,-17.0,38.0,6.0,-60.0
89560,74.0,-129.0,-141.0,44.0,10.0,-127.0
89600,77.0,-96.0,-149.0,46.0,37.0,-107.0
89640,74.0,-67.0,-61.0,23.0,13.0,-92.0
89680,83.0,-74.0,-147.0,33.0,8.0,-143.0
89720,113.0,-161.0,-120.0,34.0,13.0,-107.0
89760,61.0,17.0,-58.0,18.0,-6.0,-76.0
89800,73.0,-135.0,-175.0,29.0,21.0,-123.0
89840,69.0,-50.0,-66.0,30.0,19.0,-69.0
89880,81.0,53.0,-78.0,18.0,-14.0,-40.0
89920,126.0,-125.0,-202.0,33.0,-4.0,-91.0
89960,123.0,8.0,0.0,11.0,-17.0,-44.0
90000,111.0,4.0,-80.0,-2.0,-20.0,-15.0
90040,125.0,-93.0,-192.0,8.0,7.0,-79.0
90080,118.0,54.0,0.0,-2.0,-14.0,-27.0
90120,139.0,-9.0,-101.0,-2.0,-23.0,-48.0
90160,163.0,-94.0,-118.0,-11.0,-12.0,0.0
90200,115.0,126.0,45.0,-39.0,-30.0,31.0
90240,108.0,-102.0,-99.0,-26.0,-25.0,-17.0
90280,88.0,30.0,34.0,-3.0,-33.0,-3.0
90320,64.0,103.0,16.0,24.0,-74.0,10.0
90360,97.0,-46.0,-89.0,25.0,-77.0,37.0
90400,76.0,82.0,61.0,-16.0,-77.0,105.0
90440,35.0,60.0,1.0,-17.0,-47.0,40.0
90480,13.0,-11.0,-32.0,45.0,13.0,-1.0
90520,-44.0,106.0,61.0,75.0,9.0,60.0
90560,-43.0,65.0,-56.0,63.0,-18.0,82.0
90600,-29.0,-86.0,-57.0,1.0,-24.0,54.0
90640,-64.0,156.0,74.0,-49.0,-65.0,61.0
90680,-68.0,-93.0,-132.0,-37.0,-74.0,71.0
90720,-83.0,52.0,23.0,4.0,-74.0,35.0
90760,-125.0,41.0,34.0,33.0,-81.0,-12.0
90800,-114.0,12.0,-49.0,27.0,-30.0,-22.0
90840,-138.0,-44.0,-26.0,17.0,10.0,7.0
90880,-170.0,97.0,9.0,6.0,30.0,35.0
90920,-150.0,-146.0,-144.0,28.0,35.0,-62.0
90960,-165.0,80.0,49.0,38.0,7.0,-28.0
91000,-178.0,-93.0,-123.0,56.0,-8.0,-25.0
91040,-185.0,-56.0,-76.0,61.0,10.0,-149.0
91080,-220.0,-47.0,-16.0,29.0,-27.0,5.0
91120,-222.0,-46.0,-96.0,11.0,-37.0,-133.0
91160,-206.0,-212.0,-101.0,21.0,-17.0,-56.0
91200,-253.0,120.0,20.0,7.0,-50.0,-10.0
91240,-235.0,-268.0,-209.0,-6.0,-22.0,-62.0
91280,-278.0,87.0,36.0,-7.0,1.0,-31.0
91320,-273.0,-52.0,-52.0,3.0,-1.0,-77.0
91360,-250.0,1.0,-87.0,48.0,14.0,-71.0
91400,-263.0,-38.0,-5.0,53.0,6.0,-35.0
91440,-294.0,98.0,-22.0,19.0,10.0,-45.0
91480,-261.0,-207.0,-110.0,14.0,40.0,-84.0
91520,-306.0,187.0,80.0,12.0,29.0,-51.0
91560,-253.0,-117.0,-123.0,9.0,-4.0,4.0
91600,-233.0,28.0,15.0,-17.0,-59.0,81.0
91640,-222.0,52.0,60.0,-87.0,-89.0,94.0
91680,-210.0,13.0,11.0,-61.0,-49.0,-92.0
91720,-194.0,8.0,66.0,14.0,-15.0,-77.0
91760,-184.0,127.0,76.0,56.0,-65.0,75.0
91800,-127.0,-88.0,-41.0,44.0,-68.0,54.0
91840,-146.0,99.0,143.0,-12.0,-62.0,91.0
91880,-152.0,130.0,7.0,-40.0,-63.0,147.0
91920,-135.0,-49.0,-66.0,0.0,-24.0,23.0
91960,-147.0,124.0,159.0,25.0,-50.0,127.0
92000,-127.0,101.0,35.0,40.0,-95.0,74.0
92040,-98.0,32.0,-51.0,-53.0,-105.0,340.0
92080,-143.0,197.0,59.0,-133.0,-97.0,195.0
92120,-122.0,107.0,8.0,-20.0,-40.0,-2.0
92160,-114.0,124.0,83.0,48.0,-39.0,204.0
92200,-139.0,195.0,-25.0,4.0,-60.0,227.0
92240,-89.0,18.0,-55.0,-12.0,-58.0,162.0
92280,-81.0,182.0,201.0,-34.0,-91.0,207.0
92320,-106.0,111.0,-7.0,16.0,-97.0,127.0
92360,-112.0,63.0,-98.0,81.0,-43.0,102.0
92400,-101.0,162.0,142.0,105.0,-50.0,56.0
92440,-63.0,153.0,-22.0,65.0,-86.0,159.0
92480,-39.0,15.0,-80.0,-32.0,-84.0,213.0
92520,-69.0,209.0,90.0,-63.0,-110.0,149.0
92560,-48.0,26.0,-44.0,15.0,-82.0,72.0
92600,-78.0,122.0,-30.0,74.0,-28.0,-49.0
92640,-75.0,88.0,-20.0,71.0,-50.0,104.0
92680,-57.0,-43.0,-98.0,36.0,-33.0,41.0
92720,-89.0,75.0,23.0,-57.0,-46.0,113.0
92760,-118.0,87.0,-52.0,-71.0,-63.0,104.0
92800,-96.0,-100.0,-66.0,5.0,-32.0,6.0
92840,-142.0,121.0,116.0,63.0,-26.0,10.0
92880,-137.0,35.0,-48.0,69.0,-32.0,-30.0
92920,-129.0,-88.0,-54.0,14.0,-51.0,-1.0
92960,-163.0,170.0,119.0,-44.0,-107.0,98.0
93000,-140.0,-99.0,-61.0,-104.0,-125.0,83.0
93040,-149.0,36.0,72.0,-41.0,-75.0,-138.0
93080,-173.0,80.0,102.0,41.0,-43.0,-24.0
93120,-164.0,-27.0,28.0,61.0,22.0,-51.0
93160,-173.0,-5.0,105.0,29.0,54.0,-165.0
93200,-143.0,102.0,108.0,4.0,-1.0,125.0
93240,-92.0,-98.0,0.0,-18.0,-9.0,-89.0
93280,-123.0,95.0,127.0,-66.0,-57.0,13.0
93320,-96.0,79.0,88.0,25.0,-49.0,-156.0
93360,-55.0,-125.0,89.0,94.0,-46.0,-271.0
93400,-83.0,107.0,147.0,16.0,-89.0,75.0
93440,-43.0,-134.0,21.0,-91.0,-69.0,-124.0
93480,-15.0,-20.0,169.0,-146.0,-60.0,124.0
93520,-18.0,80.0,119.0,-64.0,-71.0,-44.0
93560,7.0,-89.0,-35.0,-6.0,-49.0,8.0
93600,-10.0,-79.0,172.0,47.0,-62.0,69.0
93640,-28.0,102.0,152.0,-30.0,-101.0,49.0
93680,36.0,-117.0,-94.0,-97.0,-70.0,5.0
93720,31.0,62.0,162.0,-79.0,-74.0,-59.0
93760,34.0,-8.0,87.0,6.0,-57.0,-145.0
93800,58.0,-38.0,-30.0,79.0,-23.0,-69.0
93840,53.0,-3.0,41.0,-13.0,-62.0,80.0
93880,51.0,-14.0,3.0,-51.0,-49.0,-41.0
93920,94.0,-158.0,-13.0,-59.0,-31.0,-28.0
93960,83.0,93.0,52.0,-36.0,-20.0,-32.0
94000,102.0,-127.0,-141.0,75.0,-3.0,-78.0
94040,103.0,-8.0,62.0,46.0,-27.0,-31.0
94080,125.0,-34.0,40.0,-19.0,-49.0,-45.0
94120,164.0,-176.0,-121.0,-44.0,-11.0,-56.0
94160,152.0,-23.0,13.0,-33.0,-7.0,-71.0
94200,163.0,-87.0,6.0,-3.0,-25.0,25.0
94240,196.0,-197.0,-121.0,-2.0,-6.0,-41.0
94280,160.0,-47.0,25.0,-22.0,-40.0,-48.0
94320,162.0,-109.0,-55.0,-8.0,-41.0,-14.0
94360,169.0,-218.0,-58.0,2.0,-14.0,-70.0
94400,122.0,-65.0,66.0,-59.0,-21.0,15.0
94440,127.0,-158.0,-82.0,-45.0,-24.0,56.0
94480,139.0,-132.0,-23.0,-41.0,-15.0,-38.0
94520,98.0,-7.0,36.0,-75.0,-47.0,18.0
94560,105.0,-139.0,-95.0,7.0,-33.0,-240.0
94600,104.0,-70.0,79.0,74.0,13.0,-108.0
94640,66.0,-34.0,20.0,-27.0,38.0,-160.0
94680,73.0,-224.0,-67.0,-49.0,73.0,-110.0
94720,39.0,81.0,148.0,-58.0,26.0,-89.0
94760,56.0,-106.0,-53.0,-21.0,13.0,-151.0
94800,79.0,-112.0,10.0,26.0,-21.0,-70.0
94840,44.0,-11.0,180.0,26.0,-34.0,-121.0
94880,73.0,-76.0,22.0,-16.0,7.0,-125.0
94920,92.0,-130.0,64.0,-63.0,-15.0,5.0
94960,44.0,42.0,161.0,-20.0,-32.0,-118.0
95000,61.0,-156.0,-11.0,-17.0,5.0,-33.0
95040,44.0,1.0,105.0,-66.0,32.0,-44.0
95080,14.0,-52.0,77.0,-19.0,-3.0,-128.0
95120,54.0,-132.0,54.0,23.0,3.0,-72.0
95160,40.0,-51.0,116.0,-8.0,-15.0,-128.0
95200,15.0,31.0,17.0,-36.0,-47.0,-14.0
95240,37.0,-135.0,5.0,-7.0,-27.0,-47.0
95280,-5.0,43.0,121.0,-13.0,-103.0,30.0
95320,-2.0,-76.0,-65.0,2.0,-112.0,-37.0
95360,-7.0,-62.0,-36.0,-3.0,-25.0,-68.0
95400,-10.0,55.0,118.0,-17.0,6.0,146.0
95440,3.0,-32.0,-39.0,26.0,19.0,-59.0
95480,-8.0,-18.0,37.0,69.0,27.0,-84.0
95520,-44.0,144.0,79.0,74.0,29.0,-13.0
95560,1.0,-184.0,-67.0,-14.0,40.0,147.0
95600,-12.0,102.0,131.0,-35.0,-7.0,48.0
95640,16.0,31.0,-5.0,27.0,-22.0,-125.0
95680,59.0,-48.0,-4.0,20.0,-46.0,104.0
95720,38.0,29.0,117.0,2.0,-56.0,25.0
95760,52.0,-41.0,17.0,-10.0,-77.0,88.0
95800,79.0,42.0,47.0,42.0,-75.0,-150.0
95840,55.0,38.0,18.0,-23.0,-59.0,186.0
95880,37.0,-108.0,-94.0,-23.0,54.0,-3.0
95920,8.0,80.0,55.0,63.0,117.0,-35.0
95960,18.0,61.0,-15.0,-14.0,17.0,219.0
96000,52.0,-85.0,-125.0,-53.0,-18.0,-27.0
96040,57.0,17.0,62.0,-43.0,-72.0,176.0
96080,65.0,190.0,53.0,17.0,-117.0,-54.0
96120,97.0,-56.0,-151.0,60.0,-102.0,60.0
96160,50.0,173.0,79.0,18.0,-74.0,164.0
96200,26.0,-45.0,2.0,-1.0,-8.0,-28.0
96240,21.0,122.0,2.0,-10.0,48.0,183.0
96280,46.0,120.0,30.0,-9.0,53.0,64.0
96320,72.0,-22.0,46.0,51.0,32.0,114.0
96360,56.0,127.0,169.0,101.0,2.0,32.0
96400,11.0,178.0,38.0,58.0,-48.0,31.0
96440,53.0,11.0,-18.0,22.0,-43.0,164.0
96480,49.0,62.0,164.0,-24.0,-42.0,42.0
96520,71.0,149.0,61.0,-79.0,-40.0,57.0
96560,98.0,-38.0,-90.0,-8.0,-15.0,-22.0
96600,71.0,135.0,107.0,15.0,-25.0,124.0
96640,50.0,10.0,12.0,34.0,-22.0,-65.0
96680,49.0,-54.0,-62.0,-16.0,-11.0,-20.0
96720,27.0,121.0,12.0,-23.0,-18.0,56.0
96760,52.0,-33.0,-80.0,12.0,10.0,128.0
96800,37.0,3.0,-14.0,31.0,35.0,53.0
96840,-14.0,90.0,-26.0,21.0,-31.0,46.0
96880,21.0,-100.0,-113.0,24.0,-34.0,-112.0
96920,16.0,103.0,43.0,12.0,-26.0,47.0
96960,-10.0,-21.0,-40.0,-36.0,-66.0,23.0
97000,-42.0,-13.0,-101.0,21.0,-65.0,12.0
97040,-34.0,43.0,18.0,65.0,-79.0,18.0
97080,-28.0,46.0,-41.0,40.0,-24.0,-111.0
97120,-46.0,-134.0,-102.0,22.0,21.0,-61.0
97160,-120.0,66.0,24.0,2.0,0.0,66.0
97200,-100.0,8.0,-79.0,39.0,14.0,-71.0
97240,-108.0,-39.0,-100.0,18.0,21.0,15.0
97280,-134.0,110.0,17.0,1.0,-12.0,17.0
97320,-121.0,-121.0,-149.0,39.0,-42.0,26.0
97360,-106.0,93.0,-55.0,49.0,-53.0,-24.0
97400,-123.0,33.0,-117.0,3.0,-68.0,-38.0
97440,-107.0,-200.0,-140.0,-42.0,-50.0,43.0
97480,-130.0,60.0,-27.0,-48.0,-62.0,-73.0
97520,-93.0,40.0,-173.0,-20.0,-65.0,-70.0
97560,-71.0,-85.0,-164.0,25.0,4.0,-95.0
97600,-133.0,-3.0,22.0,-18.0,31.0,-50.0
97640,-122.0,4.0,-121.0,-20.0,42.0,-66.0
97680,-82.0,-57.0,-137.0,3.0,25.0,-75.0
97720,-101.0,89.0,8.0,-9.0,-52.0,95.0
97760,-81.0,-95.0,-97.0,-6.0,-61.0,-5.0
97800,-70.0,52.0,2.0,-3.0,-33.0,4.0
97840,-79.0,96.0,-22.0,1.0,-42.0,-16.0
97880,-83.0,-99.0,-71.0,4.0,-37.0,54.0
97920,-95.0,16.0,71.0,-31.0,-30.0,49.0
97960,-69.0,93.0,-31.0,-39.0,-15.0,36.0
98000,-41.0,-70.0,-130.0,-41.0,17.0,-3.0
98040,-87.0,114.0,73.0,-23.0,1.0,41.0
98080,-77.0,-44.0,-81.0,-12.0,1.0,-4.0
98120,-64.0,18.0,-49.0,-31.0,21.0,6.0
98160,-93.0,92.0,-1.0,-72.0,-3.0,84.0
98200,-85.0,-8.0,-97.0,-56.0,12.0,-47.0
98240,-65.0,-3.0,-17.0,-18.0,-3.0,-20.0
98280,-62.0,153.0,-40.0,-11.0,-53.0,90.0
98320,-11.0,-96.0,-186.0,4.0,-40.0,-13.0
98360,-42.0,73.0,13.0,-6.0,-53.0,41.0
98400,-51.0,42.0,-89.0,-34.0,-63.0,13.0
98440,-36.0,-56.0,-207.0,-12.0,21.0,-20.0
98480,-53.0,54.0,-48.0,-5.0,47.0,62.0
98520,-58.0,-6.0,-122.0,7.0,48.0,-18.0
98560,-36.0,-32.0,-141.0,20.0,32.0,27.0
98600,-52.0,92.0,-58.0,-3.0,-5.0,35.0
98640,-39.0,-63.0,-136.0,-9.0,-10.0,25.0
98680,-60.0,8.0,-40.0,-1.0,-11.0,12.0
98720,-91.0,108.0,-54.0,-13.0,-26.0,21.0
98760,-65.0,-67.0,-188.0,19.0,-14.0,-24.0
98800,-64.0,31.0,-21.0,14.0,-24.0,10.0
98840,-96.0,70.0,-71.0,-9.0,-26.0,-26.0
98880,-76.0,-112.0,-167.0,15.0,17.0,-84.0
98920,-116.0,46.0,1.0,-7.0,24.0,-1.0
98960,-116.0,-99.0,-118.0,-22.0,24.0,-20.0
99000,-124.0,-49.0,-95.0,5.0,29.0,-37.0
99040,-135.0,43.0,7.0,10.0,-27.0,-31.0
99080,-117.0,-40.0,-100.0,11.0,-61.0,-26.0
99120,-110.0,-116.0,-43.0,5.0,-74.0,5.0
99160,-153.0,97.0,71.0,-9.0,-94.0,-39.0
99200,-113.0,-92.0,-107.0,7.0,-84.0,-28.0
99240,-106.0,23.0,10.0,0.0,-87.0,28.0
99280,-126.0,50.0,-23.0,3.0,-93.0,14.0
99320,-102.0,-36.0,-52.0,33.0,-59.0,-65.0
99360,-115.0,72.0,44.0,17.0,-54.0,61.0
99400,-121.0,-2.0,-80.0,9.0,-48.0,-11.0
99440,-102.0,-62.0,-45.0,11.0,-24.0,-66.0
99480,-123.0,121.0,96.0,15.0,-72.0,-15.0
99520,-98.0,-10.0,-99.0,18.0,-106.0,-1.0
99560,-90.0,-63.0,-16.0,3.0,-117.0,-7.0
99600,-131.0,104.0,102.0,-11.0,-155.0,-9.0
99640,-112.0,-42.0,-26.0,14.0,-131.0,-71.0
99680,-75.0,32.0,121.0,14.0,-118.0,44.0
99720,-119.0,56.0,-3.0,-6.0,-135.0,63.0
99760,-93.0,-87.0,8.0,-6.0,-108.0,-20.0
99800,-114.0,96.0,177.0,-11.0,-110.0,59.0
99840,-103.0,-18.0,-59.0,3.0,-118.0,19.0
99880,-90.0,-16.0,65.0,18.0,-79.0,-33.0
99920,-122.0,63.0,158.0,2.0,-90.0,60.0
99960,-123.0,-78.0,-65.0,25.0,-94.0,30.0
