Time,Ch1_X,Ch1_Y,Ch1_Z,Ch2_X,Ch2_Y,Ch2_Z
0,26.0,50.0,-13.0,-16.0,12.0,40.0
40,44.0,-35.0,-64.0,-6.0,35.0,-29.0
80,48.0,-9.0,38.0,-11.0,38.0,29.0
120,37.0,50.0,12.0,-17.0,17.0,20.0
160,60.0,-75.0,-82.0,-3.0,38.0,-31.0
200,51.0,46.0,61.0,-8.0,30.0,22.0
240,33.0,-28.0,-18.0,-3.0,29.0,-2.0
280,40.0,-9.0,-27.0,5.0,63.0,-32.0
320,27.0,27.0,20.0,-8.0,46.0,31.0
360,37.0,38.0,-31.0,-8.0,44.0,-18.0
400,39.0,-97.0,-50.0,-2.0,60.0,-7.0
440,4.0,136.0,44.0,-18.0,36.0,29.0
480,28.0,-105.0,-106.0,-8.0,51.0,-34.0
520,1.0,46.0,6.0,-12.0,62.0,17.0
560,-5.0,16.0,24.0,-24.0,37.0,17.0
600,-5.0,-5.0,-78.0,-15.0,55.0,-27.0
640,0.0,-37.0,32.0,-21.0,42.0,34.0
680,-36.0,129.0,41.0,-24.0,29.0,11.0
720,0.0,-160.0,-66.0,-11.0,52.0,-21.0
760,-50.0,157.0,124.0,-23.0,29.0,48.0
800,-23.0,-56.0,-44.0,-11.0,31.0,-12.0
840,-22.0,-38.0,4.0,-7.0,53.0,-8.0
880,-39.0,90.0,102.0,-19.0,28.0,34.0
920,-38.0,-82.0,-70.0,-6.0,36.0,-44.0
960,-25.0,14.0,42.0,-9.0,38.0,15.0
1000,-41.0,17.0,41.0,-15.0,11.0,3.0
1040,-20.0,-41.0,-58.0,1.0,36.0,-51.0
1080,-24.0,-12.0,21.0,-2.0,32.0,11.0
1120,-27.0,92.0,-8.0,-3.0,15.0,-1.0
1160,16.0,-135.0,-79.0,11.0,35.0,-43.0
1200,-7.0,120.0,67.0,-5.0,14.0,30.0
1240,18.0,-21.0,-81.0,2.0,6.0,-23.0
1280,38.0,-41.0,-39.0,10.0,28.0,-8.0
1320,32.0,104.0,79.0,-1.0,4.0,31.0
1360,54.0,-58.0,-83.0,10.0,14.0,-24.0
1400,75.0,45.0,11.0,11.0,22.0,20.0
1440,67.0,55.0,15.0,3.0,-3.0,39.0
1480,91.0,-10.0,-50.0,14.0,18.0,-17.0
1520,102.0,19.0,18.0,11.0,11.0,43.0
1560,92.0,94.0,0.0,7.0,-6.0,35.0
1600,132.0,-84.0,-82.0,17.0,18.0,-12.0
1640,115.0,91.0,56.0,5.0,3.0,48.0
1680,121.0,-1.0,-66.0,8.0,-2.0,7.0
1720,134.0,-33.0,-58.0,14.0,17.0,-4.0
1760,112.0,59.0,21.0,3.0,-5.0,43.0
1800,116.0,-10.0,-75.0,10.0,2.0,-24.0
1840,119.0,-30.0,-58.0,15.0,16.0,1.0
1880,96.0,77.0,28.0,4.0,-4.0,25.0
1920,112.0,-39.0,-90.0,15.0,17.0,-32.0
1960,101.0,-27.0,1.0,10.0,17.0,16.0
2000,68.0,93.0,43.0,-2.0,2.0,12.0
2040,83.0,-117.0,-88.0,9.0,26.0,-38.0
2080,61.0,57.0,79.0,0.0,20.0,31.0
2120,42.0,5.0,-5.0,-4.0,13.0,-6.0
2160,49.0,-90.0,-44.0,6.0,34.0,-27.0
2200,12.0,65.0,110.0,-11.0,14.0,36.0
2240,7.0,-61.0,-34.0,-6.0,21.0,-36.0
2280,5.0,-42.0,9.0,-3.0,38.0,-7.0
2320,-20.0,33.0,80.0,-16.0,14.0,20.0
2360,-12.0,-59.0,-44.0,-8.0,28.0,-49.0
2400,-5.0,-58.0,36.0,-10.0,28.0,6.0
2440,-37.0,77.0,57.0,-18.0,11.0,-11.0
2480,-21.0,-152.0,-72.0,-7.0,38.0,-67.0
2520,-37.0,79.0,97.0,-13.0,33.0,2.0
2560,-33.0,-67.0,-10.0,-13.0,23.0,-33.0
2600,-18.0,-15.0,4.0,-3.0,43.0,-60.0
2640,-30.0,-19.0,72.0,-15.0,25.0,4.0
2680,-37.0,39.0,14.0,-6.0,24.0,-47.0
2720,-22.0,-128.0,-9.0,2.0,45.0,-36.0
2760,-57.0,119.0,140.0,-13.0,24.0,0.0
2800,-45.0,-113.0,-60.0,-2.0,33.0,-55.0
2840,-39.0,27.0,72.0,-4.0,38.0,-6.0
2880,-61.0,-12.0,72.0,-13.0,13.0,3.0
2920,-56.0,-24.0,-3.0,-4.0,32.0,-53.0
2960,-56.0,-48.0,63.0,-8.0,25.0,13.0
3000,-77.0,70.0,70.0,-12.0,11.0,0.0
3040,-45.0,-156.0,-42.0,0.0,33.0,-43.0
3080,-61.0,84.0,144.0,-13.0,15.0,24.0
3120,-49.0,-54.0,-38.0,-5.0,8.0,-17.0
3160,-22.0,-62.0,21.0,1.0,26.0,-23.0
3200,-39.0,63.0,100.0,-6.0,3.0,29.0
3240,-6.0,-83.0,-28.0,4.0,10.0,-42.0
3280,15.0,14.0,37.0,10.0,23.0,8.0
3320,14.0,17.0,45.0,0.0,1.0,21.0
3360,37.0,-38.0,-42.0,12.0,17.0,-36.0
3400,49.0,-13.0,51.0,11.0,12.0,27.0
3440,43.0,83.0,7.0,5.0,-4.0,11.0
3480,89.0,-84.0,-66.0,18.0,24.0,-30.0
3520,81.0,72.0,77.0,9.0,13.0,44.0
3560,86.0,14.0,-28.0,10.0,1.0,8.0
3600,113.0,-27.0,-15.0,18.0,22.0,0.0
3640,89.0,87.0,66.0,3.0,-1.0,63.0
3680,104.0,-12.0,-64.0,9.0,10.0,-6.0
3720,121.0,-4.0,-4.0,13.0,28.0,36.0
3760,105.0,105.0,20.0,0.0,9.0,52.0
3800,124.0,-43.0,-79.0,8.0,23.0,-5.0
3840,109.0,49.0,30.0,4.0,27.0,40.0
3880,73.0,32.0,-42.0,-3.0,9.0,33.0
3920,99.0,-11.0,-52.0,9.0,36.0,-15.0
3960,99.0,56.0,55.0,7.0,24.0,58.0
4000,105.0,61.0,-11.0,2.0,9.0,21.0
4040,116.0,-39.0,-53.0,9.0,34.0,5.0
4080,77.0,76.0,52.0,1.0,22.0,49.0
4120,84.0,-4.0,-45.0,7.0,34.0,4.0
4160,89.0,9.0,-13.0,5.0,56.0,22.0
4200,69.0,68.0,23.0,-15.0,30.0,41.0
4240,91.0,-2.0,-70.0,-8.0,39.0,-13.0
4280,90.0,-43.0,-13.0,-5.0,48.0,26.0
4320,59.0,142.0,61.0,-18.0,35.0,32.0
4360,75.0,-116.0,-94.0,-7.0,64.0,-16.0
4400,50.0,115.0,65.0,-19.0,61.0,41.0
4440,66.0,-11.0,-23.0,-22.0,44.0,23.0
4480,66.0,-38.0,-38.0,-11.0,68.0,-10.0
4520,40.0,57.0,81.0,-23.0,49.0,48.0
4560,33.0,18.0,-30.0,-15.0,50.0,-8.0
4600,41.0,-88.0,-27.0,-7.0,71.0,-2.0
4640,-2.0,117.0,118.0,-23.0,49.0,34.0
4680,21.0,-75.0,-65.0,-7.0,60.0,-29.0
4720,6.0,-2.0,14.0,-8.0,65.0,15.0
4760,-15.0,88.0,44.0,-17.0,38.0,13.0
4800,-4.0,-110.0,-64.0,-5.0,52.0,-48.0
4840,-23.0,41.0,54.0,-8.0,45.0,25.0
4880,-36.0,24.0,-31.0,-7.0,37.0,-21.0
4920,-22.0,-109.0,-61.0,0.0,70.0,-50.0
4960,-58.0,75.0,84.0,-16.0,51.0,10.0
5000,-57.0,-41.0,-60.0,-13.0,36.0,-33.0
5040,-39.0,-61.0,-24.0,-5.0,44.0,-35.0
5080,-58.0,35.0,62.0,-18.0,18.0,5.0
5120,-46.0,-56.0,-45.0,0.0,34.0,-62.0
5160,-44.0,-39.0,-6.0,4.0,47.0,-8.0
5200,-40.0,80.0,45.0,-7.0,20.0,3.0
5240,2.0,-105.0,-67.0,3.0,30.0,-40.0
5280,-8.0,-17.0,69.0,-2.0,20.0,2.0
5320,-25.0,55.0,10.0,-4.0,1.0,-2.0
5360,13.0,-144.0,-67.0,11.0,26.0,-50.0
5400,-5.0,88.0,93.0,3.0,15.0,20.0
5440,20.0,-45.0,-46.0,5.0,9.0,-20.0
5480,34.0,-36.0,-67.0,13.0,24.0,-30.0
5520,27.0,47.0,37.0,6.0,-3.0,20.0
5560,41.0,-10.0,-83.0,15.0,7.0,-27.0
5600,67.0,-71.0,-42.0,18.0,17.0,-7.0
5640,44.0,133.0,16.0,5.0,-6.0,24.0
5680,82.0,-111.0,-133.0,17.0,12.0,-39.0
5720,68.0,58.0,8.0,13.0,12.0,21.0
5760,63.0,42.0,-42.0,5.0,-8.0,5.0
5800,77.0,-65.0,-117.0,14.0,13.0,-31.0
5840,74.0,55.0,40.0,7.0,-1.0,35.0
5880,72.0,46.0,-58.0,8.0,-3.0,-6.0
5920,104.0,-80.0,-73.0,17.0,20.0,-13.0
5960,59.0,112.0,57.0,2.0,4.0,44.0
6000,80.0,-24.0,-71.0,8.0,11.0,-10.0
6040,69.0,-50.0,-28.0,7.0,21.0,15.0
6080,41.0,129.0,59.0,-12.0,-4.0,36.0
6120,56.0,-116.0,-96.0,1.0,11.0,-26.0
6160,43.0,48.0,27.0,1.0,16.0,37.0
6200,15.0,0.0,1.0,-10.0,2.0,8.0
6240,23.0,-24.0,-64.0,0.0,24.0,-17.0
6280,2.0,-24.0,17.0,-11.0,13.0,26.0
6320,-10.0,75.0,1.0,-13.0,4.0,5.0
6360,8.0,-132.0,-83.0,-6.0,27.0,-32.0
6400,-25.0,105.0,96.0,-19.0,9.0,34.0
6440,-24.0,-29.0,-56.0,-10.0,10.0,-29.0
6480,-22.0,-51.0,-15.0,-5.0,26.0,-15.0
6520,-47.0,107.0,96.0,-18.0,10.0,15.0
6560,-41.0,-65.0,-67.0,-8.0,23.0,-34.0
6600,-43.0,30.0,63.0,-9.0,27.0,3.0
6640,-67.0,77.0,50.0,-21.0,6.0,21.0
6680,-46.0,-63.0,-30.0,-10.0,25.0,-37.0
6720,-70.0,45.0,102.0,-17.0,22.0,27.0
6760,-77.0,47.0,37.0,-19.0,11.0,2.0
6800,-65.0,-87.0,-27.0,-11.0,27.0,-29.0
6840,-86.0,82.0,147.0,-24.0,6.0,31.0
6880,-92.0,-23.0,-26.0,-18.0,-2.0,-10.0
6920,-70.0,-69.0,27.0,-9.0,14.0,-19.0
6960,-108.0,89.0,101.0,-17.0,-6.0,32.0
7000,-86.0,-117.0,-36.0,-7.0,5.0,-44.0
7040,-92.0,31.0,68.0,-4.0,11.0,-1.0
7080,-89.0,-7.0,45.0,-13.0,-13.0,0.0
7120,-73.0,-52.0,-25.0,1.0,0.0,-45.0
7160,-70.0,-25.0,84.0,1.0,-4.0,-6.0
7200,-95.0,53.0,15.0,1.0,-19.0,-14.0
7240,-53.0,-102.0,-32.0,14.0,1.0,-49.0
7280,-74.0,57.0,97.0,9.0,-9.0,13.0
7320,-54.0,-3.0,-16.0,7.0,-18.0,-32.0
7360,-34.0,-69.0,-14.0,15.0,-2.0,-23.0
7400,-52.0,102.0,88.0,4.0,-23.0,17.0
7440,-22.0,-93.0,-48.0,9.0,-16.0,-29.0
7480,-15.0,30.0,29.0,11.0,-5.0,-2.0
7520,-21.0,-6.0,36.0,0.0,-26.0,21.0
7560,-1.0,34.0,-39.0,11.0,-12.0,-33.0
7600,17.0,-73.0,21.0,8.0,-9.0,12.0
7640,1.0,140.0,65.0,1.0,-29.0,16.0
7680,45.0,-186.0,-83.0,17.0,-11.0,-32.0
7720,11.0,128.0,95.0,8.0,-20.0,39.0
7760,56.0,-23.0,-40.0,11.0,-25.0,-5.0
7800,79.0,-16.0,-75.0,19.0,4.0,-15.0
7840,85.0,49.0,61.0,6.0,-7.0,35.0
7880,68.0,-35.0,-85.0,14.0,-4.0,-18.0
7920,64.0,-78.0,-51.0,18.0,11.0,-16.0
7960,21.0,123.0,33.0,4.0,-10.0,25.0
8000,75.0,-99.0,-92.0,15.0,7.0,-42.0
8040,84.0,52.0,37.0,14.0,13.0,25.0
8080,84.0,19.0,-25.0,8.0,-8.0,17.0
8120,94.0,-79.0,-65.0,17.0,17.0,-28.0
8160,51.0,54.0,44.0,4.0,20.0,44.0
8200,40.0,5.0,-44.0,-4.0,23.0,-6.0
8240,54.0,-42.0,-58.0,-2.0,45.0,-8.0
8280,53.0,44.0,39.0,-14.0,24.0,39.0
8320,64.0,-21.0,-55.0,-7.0,18.0,-9.0
8360,56.0,-70.0,-8.0,-7.0,40.0,-8.0
8400,27.0,129.0,50.0,-19.0,29.0,33.0
8440,48.0,-98.0,-114.0,-8.0,52.0,-19.0
8480,51.0,61.0,25.0,-10.0,58.0,22.0
8520,57.0,20.0,-16.0,-17.0,30.0,23.0
8560,78.0,-33.0,-87.0,-10.0,49.0,-31.0
8600,46.0,-2.0,4.0,-13.0,48.0,19.0
8640,30.0,76.0,-27.0,-13.0,45.0,-11.0
8680,55.0,-144.0,-75.0,-6.0,73.0,-37.0
8720,28.0,138.0,65.0,-15.0,56.0,25.0
8760,50.0,-66.0,-98.0,-11.0,45.0,-23.0
8800,51.0,14.0,-16.0,-6.0,60.0,-23.0
8840,17.0,24.0,18.0,-11.0,39.0,18.0
8880,23.0,-5.0,-48.0,-7.0,54.0,-34.0
8920,13.0,-61.0,-21.0,-8.0,65.0,-1.0
8960,-10.0,120.0,59.0,-23.0,47.0,12.0
9000,11.0,-95.0,-84.0,-8.0,66.0,-41.0
9040,-13.0,46.0,67.0,-15.0,58.0,21.0
9080,-28.0,45.0,19.0,-22.0,38.0,4.0
9120,-14.0,-86.0,-58.0,-10.0,49.0,-18.0
9160,-37.0,80.0,89.0,-16.0,32.0,36.0
9200,-27.0,29.0,-32.0,-13.0,33.0,-13.0
9240,-1.0,-93.0,-43.0,2.0,59.0,-3.0
9280,-26.0,140.0,85.0,-9.0,40.0,41.0
9320,5.0,-99.0,-86.0,-4.0,36.0,-20.0
9360,-13.0,4.0,31.0,-5.0,33.0,18.0
9400,-17.0,77.0,31.0,-9.0,8.0,21.0
9440,31.0,-90.0,-87.0,8.0,30.0,-27.0
9480,34.0,26.0,59.0,7.0,31.0,31.0
9520,32.0,43.0,-7.0,4.0,16.0,8.0
9560,61.0,-85.0,-92.0,17.0,32.0,-14.0
9600,50.0,74.0,66.0,5.0,15.0,45.0
9640,69.0,4.0,-53.0,8.0,12.0,1.0
9680,101.0,-58.0,-48.0,17.0,27.0,9.0
9720,87.0,119.0,59.0,9.0,7.0,48.0
9760,105.0,-50.0,-79.0,15.0,11.0,-3.0
9800,99.0,20.0,-19.0,13.0,25.0,20.0
9840,87.0,87.0,16.0,3.0,6.0,49.0
9880,110.0,-10.0,-111.0,11.0,21.0,-4.0
9920,106.0,-2.0,-4.0,8.0,18.0,43.0
9960,83.0,150.0,2.0,4.0,1.0,28.0
10000,118.0,-118.0,-128.0,16.0,25.0,-7.0
10040,78.0,142.0,59.0,6.0,19.0,49.0
10080,76.0,-26.0,-37.0,6.0,10.0,8.0
10120,75.0,-22.0,-42.0,10.0,27.0,-5.0
10160,55.0,68.0,55.0,2.0,5.0,43.0
10200,54.0,-21.0,-47.0,8.0,15.0,-21.0
10240,65.0,-60.0,7.0,12.0,30.0,-6.0
10280,24.0,91.0,72.0,5.0,13.0,29.0
10320,38.0,-93.0,-72.0,9.0,28.0,-43.0
10360,22.0,5.0,77.0,3.0,32.0,11.0
10400,0.0,43.0,34.0,-6.0,16.0,4.0
10440,23.0,-90.0,-48.0,1.0,37.0,-49.0
10480,-6.0,19.0,77.0,-8.0,30.0,23.0
10520,-16.0,36.0,17.0,-11.0,23.0,-29.0
10560,-5.0,-120.0,-49.0,-4.0,43.0,-34.0
10600,-40.0,128.0,109.0,-15.0,32.0,8.0
10640,-28.0,-93.0,-59.0,-11.0,34.0,-37.0
10680,-20.0,30.0,39.0,-8.0,46.0,-16.0
10720,-30.0,14.0,60.0,-20.0,23.0,17.0
10760,-27.0,-1.0,-9.0,-13.0,35.0,-45.0
10800,-31.0,-70.0,37.0,-10.0,43.0,-8.0
10840,-67.0,118.0,89.0,-14.0,29.0,0.0
10880,-30.0,-145.0,-70.0,1.0,42.0,-53.0
10920,-50.0,80.0,135.0,-9.0,30.0,5.0
10960,-47.0,-31.0,16.0,-8.0,14.0,-20.0
11000,-38.0,-50.0,-1.0,2.0,32.0,-40.0
11040,-58.0,2.0,112.0,-5.0,24.0,13.0
11080,-71.0,20.0,15.0,-1.0,23.0,-39.0
11120,-35.0,-125.0,-1.0,7.0,36.0,-21.0
11160,-74.0,114.0,116.0,-7.0,15.0,7.0
11200,-47.0,-132.0,-57.0,-1.0,20.0,-54.0
11240,-54.0,38.0,70.0,1.0,26.0,-7.0
11280,-51.0,0.0,41.0,-4.0,5.0,4.0
11320,-36.0,-49.0,-35.0,6.0,17.0,-46.0
11360,-22.0,-12.0,71.0,0.0,15.0,11.0
11400,-26.0,59.0,28.0,-1.0,0.0,-3.0
11440,18.0,-94.0,-53.0,8.0,18.0,-22.0
11480,1.0,79.0,106.0,-2.0,4.0,25.0
11520,19.0,-31.0,-43.0,1.0,-2.0,-8.0
11560,41.0,-55.0,1.0,12.0,14.0,-15.0
11600,27.0,80.0,80.0,3.0,-4.0,38.0
11640,53.0,-81.0,-59.0,13.0,1.0,-32.0
11680,62.0,-1.0,33.0,16.0,10.0,19.0
11720,48.0,91.0,65.0,9.0,-14.0,23.0
11760,105.0,-86.0,-23.0,19.0,2.0,-17.0
11800,58.0,-13.0,8.0,22.0,2.0,36.0
11840,30.0,-48.0,-9.0,13.0,-7.0,1.0
11880,94.0,99.0,31.0,18.0,17.0,-12.0
11920,113.0,-73.0,-96.0,14.0,7.0,40.0
11960,95.0,100.0,40.0,7.0,0.0,-12.0
12000,92.0,-147.0,-56.0,21.0,20.0,-17.0
12040,62.0,108.0,26.0,13.0,5.0,38.0
12080,72.0,15.0,-86.0,7.0,7.0,-11.0
12120,110.0,-5.0,51.0,6.0,18.0,-1.0
12160,123.0,82.0,48.0,-2.0,-6.0,70.0
12200,114.0,-75.0,-142.0,16.0,14.0,-32.0
12240,87.0,35.0,78.0,9.0,31.0,4.0
12280,68.0,95.0,42.0,-5.0,18.0,51.0
12320,97.0,-93.0,-154.0,5.0,36.0,-14.0
12360,83.0,80.0,98.0,-16.0,18.0,30.0
12400,97.0,-29.0,-33.0,-12.0,5.0,-1.0
12440,103.0,-22.0,-54.0,6.0,28.0,1.0
12480,57.0,79.0,45.0,-13.0,27.0,36.0
12520,64.0,-44.0,-64.0,-17.0,43.0,-33.0
12560,75.0,-37.0,-20.0,-6.0,60.0,16.0
12600,61.0,100.0,28.0,-7.0,29.0,25.0
12640,94.0,-69.0,-59.0,-15.0,35.0,-17.0
12680,80.0,48.0,34.0,-16.0,45.0,16.0
12720,64.0,14.0,-8.0,-9.0,33.0,2.0
12760,57.0,-90.0,-40.0,0.0,58.0,-11.0
12800,33.0,47.0,90.0,-20.0,60.0,19.0
12840,33.0,41.0,-12.0,-22.0,51.0,-4.0
12880,61.0,-80.0,-55.0,-8.0,67.0,-3.0
12920,22.0,66.0,98.0,-20.0,37.0,23.0
12960,27.0,-38.0,-2.0,-13.0,34.0,-27.0
13000,31.0,-36.0,-7.0,-5.0,53.0,10.0
13040,2.0,35.0,59.0,-23.0,44.0,14.0
13080,-6.0,8.0,-27.0,-21.0,62.0,-49.0
13120,5.0,-98.0,9.0,-15.0,58.0,8.0
13160,-13.0,134.0,66.0,-14.0,25.0,26.0
13200,18.0,-179.0,-72.0,-17.0,42.0,-64.0
13240,-25.0,114.0,101.0,-18.0,38.0,4.0
13280,-22.0,-30.0,-30.0,-6.0,30.0,-8.0
13320,7.0,-5.0,3.0,4.0,57.0,-33.0
13360,16.0,24.0,67.0,-12.0,37.0,24.0
13400,18.0,17.0,-18.0,-9.0,31.0,-27.0
13440,32.0,-35.0,-15.0,6.0,43.0,-15.0
13480,0.0,50.0,75.0,-8.0,22.0,28.0
13520,27.0,-11.0,-19.0,3.0,37.0,-40.0
13560,46.0,-56.0,15.0,3.0,42.0,0.0
13600,41.0,121.0,54.0,-7.0,18.0,27.0
13640,64.0,-117.0,-91.0,11.0,32.0,-34.0
13680,50.0,66.0,72.0,9.0,29.0,21.0
13720,49.0,-7.0,-18.0,3.0,13.0,8.0
13760,76.0,-36.0,-78.0,11.0,29.0,-3.0
13800,72.0,35.0,42.0,5.0,13.0,25.0
13840,75.0,16.0,-26.0,11.0,10.0,-13.0
13880,87.0,-100.0,-75.0,22.0,29.0,-7.0
13920,67.0,115.0,42.0,5.0,14.0,32.0
13960,89.0,-94.0,-88.0,12.0,16.0,-19.0
14000,89.0,22.0,16.0,11.0,18.0,17.0
14040,77.0,51.0,-5.0,6.0,1.0,18.0
14080,105.0,-64.0,-90.0,17.0,25.0,-24.0
14120,97.0,12.0,42.0,17.0,27.0,29.0
14160,79.0,85.0,-6.0,8.0,9.0,8.0
14200,100.0,-78.0,-104.0,12.0,22.0,-9.0
14240,78.0,42.0,73.0,-1.0,12.0,38.0
14280,66.0,15.0,-36.0,2.0,13.0,-6.0
14320,79.0,-46.0,-72.0,8.0,36.0,-4.0
14360,48.0,86.0,65.0,-2.0,19.0,32.0
14400,46.0,-18.0,-61.0,3.0,24.0,-24.0
14440,50.0,-42.0,-16.0,-1.0,27.0,7.0
14480,12.0,107.0,50.0,-11.0,11.0,25.0
14520,19.0,-50.0,-79.0,-3.0,29.0,-33.0
14560,4.0,25.0,39.0,-2.0,35.0,14.0
14600,-17.0,56.0,25.0,-8.0,20.0,9.0
14640,-10.0,-62.0,-75.0,-2.0,39.0,-36.0
14680,-30.0,59.0,94.0,-13.0,30.0,20.0
14720,-46.0,44.0,5.0,-14.0,22.0,-6.0
14760,-30.0,-91.0,-41.0,-5.0,39.0,-28.0
14800,-56.0,116.0,116.0,-15.0,21.0,37.0
14840,-43.0,-65.0,-31.0,-10.0,27.0,-25.0
14880,-45.0,2.0,30.0,-6.0,44.0,4.0
14920,-67.0,32.0,74.0,-17.0,28.0,25.0
14960,-63.0,-23.0,-31.0,-8.0,36.0,-25.0
15000,-47.0,-43.0,61.0,-9.0,35.0,16.0
15040,-79.0,61.0,63.0,-17.0,17.0,15.0
15080,-51.0,-105.0,-28.0,-6.0,35.0,-35.0
15120,-81.0,37.0,90.0,-9.0,30.0,31.0
15160,-93.0,-6.0,18.0,-7.0,19.0,-12.0
15200,-67.0,-60.0,5.0,2.0,35.0,-16.0
15240,-78.0,37.0,76.0,-7.0,18.0,24.0
15280,-73.0,-29.0,1.0,1.0,15.0,-31.0
15320,-62.0,-32.0,15.0,7.0,27.0,-7.0
15360,-80.0,51.0,80.0,-2.0,7.0,18.0
15400,-77.0,-26.0,-32.0,5.0,14.0,-29.0
15440,-60.0,-18.0,34.0,8.0,17.0,2.0
15480,-75.0,83.0,46.0,-2.0,-4.0,18.0
15520,-40.0,-52.0,-50.0,11.0,12.0,-38.0
15560,-47.0,51.0,64.0,7.0,8.0,22.0
15600,-42.0,33.0,-3.0,2.0,-6.0,7.0
15640,-14.0,-46.0,-51.0,11.0,10.0,-22.0
15680,-17.0,71.0,80.0,5.0,-8.0,39.0
15720,-6.0,15.0,-56.0,8.0,-12.0,-11.0
15760,29.0,-54.0,-3.0,15.0,6.0,-6.0
15800,1.0,67.0,71.0,7.0,-11.0,43.0
15840,22.0,-4.0,-34.0,17.0,-2.0,-24.0
15880,41.0,-63.0,31.0,19.0,4.0,18.0
15920,6.0,73.0,22.0,14.0,-18.0,29.0
15960,58.0,-156.0,-51.0,23.0,-1.0,-32.0
16000,75.0,142.0,93.0,18.0,-5.0,35.0
16040,94.0,-111.0,-60.0,13.0,-20.0,5.0
16080,84.0,28.0,19.0,20.0,2.0,-24.0
16120,57.0,-70.0,-15.0,17.0,-3.0,21.0
16160,36.0,36.0,-44.0,14.0,-4.0,-9.0
16200,61.0,-46.0,-77.0,15.0,11.0,-23.0
16240,63.0,49.0,39.0,-3.0,-12.0,23.0
16280,88.0,1.0,-75.0,4.0,-11.0,-23.0
16320,85.0,-58.0,-72.0,13.0,8.0,-20.0
16360,56.0,117.0,46.0,1.0,2.0,12.0
16400,83.0,-24.0,-91.0,8.0,23.0,-25.0
16440,81.0,25.0,-18.0,-2.0,23.0,32.0
16480,69.0,102.0,15.0,-14.0,-4.0,9.0
16520,90.0,-103.0,-101.0,-2.0,17.0,-27.0
16560,62.0,119.0,60.0,-2.0,16.0,40.0
16600,47.0,-13.0,-55.0,-5.0,25.0,-16.0
16640,65.0,-34.0,-4.0,-4.0,51.0,-16.0
16680,56.0,88.0,42.0,-14.0,21.0,42.0
16720,91.0,-14.0,-54.0,-10.0,17.0,-17.0
16760,86.0,-2.0,1.0,-13.0,31.0,19.0
16800,51.0,74.0,32.0,-19.0,21.0,27.0
16840,54.0,-79.0,-87.0,-1.0,46.0,-32.0
16880,28.0,12.0,22.0,-8.0,51.0,26.0
16920,18.0,55.0,-18.0,-20.0,35.0,-1.0
16960,50.0,-73.0,-88.0,-11.0,54.0,-35.0
17000,32.0,8.0,26.0,-18.0,40.0,25.0
17040,17.0,10.0,-8.0,-19.0,22.0,-10.0
17080,26.0,-76.0,-24.0,-10.0,41.0,-19.0
17120,2.0,48.0,68.0,-23.0,26.0,32.0
17160,3.0,-29.0,-35.0,-17.0,41.0,-22.0
17200,0.0,-68.0,-3.0,-11.0,60.0,-10.0
17240,-23.0,68.0,86.0,-20.0,31.0,26.0
17280,-9.0,-85.0,-39.0,-13.0,28.0,-13.0
17320,-18.0,-22.0,59.0,-20.0,29.0,2.0
17360,-34.0,42.0,51.0,-22.0,12.0,13.0
17400,-9.0,-77.0,-40.0,-6.0,42.0,-30.0
17440,-4.0,56.0,97.0,-11.0,35.0,29.0
17480,-7.0,25.0,1.0,-19.0,19.0,2.0
17520,18.0,-51.0,-38.0,-9.0,33.0,-23.0
17560,-19.0,58.0,52.0,-14.0,16.0,26.0
17600,-5.0,16.0,-46.0,-5.0,23.0,-18.0
17640,24.0,-51.0,-32.0,4.0,38.0,-13.0
17680,17.0,111.0,43.0,-7.0,16.0,23.0
17720,50.0,-71.0,-86.0,4.0,19.0,-42.0
17760,43.0,25.0,-1.0,6.0,15.0,14.0
17800,39.0,50.0,18.0,0.0,0.0,-5.0
17840,66.0,-24.0,-79.0,10.0,22.0,-21.0
17880,78.0,-21.0,18.0,9.0,15.0,29.0
17920,54.0,94.0,2.0,11.0,-2.0,0.0
17960,87.0,-127.0,-89.0,25.0,22.0,-25.0
18000,55.0,101.0,48.0,15.0,9.0,45.0
18040,80.0,-30.0,-61.0,14.0,8.0,-9.0
18080,94.0,-68.0,-15.0,13.0,19.0,8.0
18120,70.0,95.0,64.0,-1.0,-6.0,39.0
18160,93.0,-73.0,-85.0,12.0,7.0,-14.0
18200,92.0,9.0,6.0,10.0,25.0,23.0
18240,78.0,30.0,30.0,2.0,10.0,36.0
18280,75.0,-11.0,-98.0,11.0,27.0,-17.0
18320,80.0,-37.0,15.0,4.0,18.0,35.0
18360,47.0,101.0,1.0,-2.0,7.0,20.0
18400,90.0,-126.0,-100.0,9.0,31.0,-25.0
18440,55.0,113.0,62.0,-1.0,19.0,40.0
18480,63.0,-30.0,-49.0,2.0,15.0,-11.0
18520,57.0,-38.0,-35.0,6.0,31.0,-11.0
18560,30.0,60.0,60.0,-8.0,15.0,24.0
18600,24.0,-7.0,-65.0,3.0,29.0,-30.0
18640,27.0,-13.0,-8.0,7.0,42.0,11.0
18680,1.0,83.0,55.0,-2.0,24.0,10.0
18720,10.0,-58.0,-71.0,7.0,37.0,-23.0
18760,1.0,16.0,49.0,-3.0,38.0,6.0
18800,-33.0,80.0,25.0,-15.0,27.0,7.0
18840,-9.0,-79.0,-55.0,-4.0,51.0,-33.0
18880,-38.0,65.0,75.0,-13.0,37.0,31.0
18920,-38.0,7.0,1.0,-14.0,29.0,-9.0
18960,-37.0,-43.0,-39.0,-7.0,46.0,-17.0
19000,-64.0,84.0,96.0,-18.0,35.0,25.0
19040,-62.0,-34.0,-40.0,-9.0,41.0,-21.0
19080,-49.0,-32.0,47.0,-5.0,48.0,0.0
19120,-74.0,57.0,72.0,-15.0,21.0,26.0
19160,-53.0,-50.0,-9.0,-7.0,33.0,-39.0
19200,-65.0,-45.0,65.0,-5.0,36.0,12.0
19240,-100.0,52.0,95.0,-9.0,24.0,-1.0
19280,-83.0,-119.0,-43.0,4.0,40.0,-46.0
19320,-92.0,32.0,116.0,-4.0,26.0,21.0
19360,-99.0,-21.0,24.0,-3.0,12.0,-22.0
19400,-70.0,-76.0,3.0,5.0,31.0,-42.0
19440,-80.0,37.0,102.0,-1.0,13.0,22.0
19480,-76.0,-27.0,-30.0,3.0,14.0,-29.0
19520,-56.0,-86.0,19.0,7.0,28.0,-26.0
19560,-70.0,101.0,84.0,-7.0,5.0,11.0
19600,-36.0,-112.0,-84.0,4.0,17.0,-46.0
19640,-43.0,52.0,51.0,3.0,20.0,-2.0
19680,-33.0,21.0,20.0,-3.0,-1.0,-1.0
19720,-3.0,-28.0,-73.0,13.0,8.0,-35.0
19760,11.0,16.0,59.0,10.0,0.0,17.0
19800,-2.0,83.0,-23.0,11.0,-10.0,-4.0
19840,40.0,-94.0,-65.0,19.0,14.0,-30.0
19880,-2.0,96.0,65.0,12.0,-1.0,32.0
19920,15.0,-37.0,-77.0,20.0,-2.0,-22.0
19960,27.0,-39.0,-23.0,24.0,9.0,-17.0
20000,19.0,84.0,46.0,16.0,-13.0,18.0
20040,38.0,-92.0,-76.0,28.0,-5.0,-35.0
20080,49.0,29.0,42.0,27.0,3.0,2.0
20120,38.0,-3.0,3.0,20.0,-19.0,14.0
20160,60.0,-6.0,-62.0,27.0,-2.0,-24.0
20200,65.0,-8.0,17.0,20.0,-3.0,19.0
20240,51.0,47.0,-9.0,9.0,-12.0,11.0
20280,65.0,-109.0,-77.0,19.0,13.0,-30.0
20320,37.0,71.0,38.0,5.0,1.0,32.0
20360,63.0,-10.0,-62.0,2.0,-3.0,-16.0
20400,96.0,-26.0,-42.0,3.0,15.0,-6.0
20440,89.0,63.0,52.0,-5.0,-4.0,35.0
20480,94.0,-17.0,-74.0,0.0,2.0,-13.0
20520,92.0,-15.0,-21.0,2.0,15.0,22.0
20560,66.0,108.0,25.0,-10.0,4.0,38.0
20600,87.0,-89.0,-98.0,0.0,27.0,-20.0
20640,77.0,54.0,32.0,-6.0,29.0,29.0
20680,68.0,35.0,-21.0,-10.0,13.0,10.0
20720,75.0,-62.0,-70.0,0.0,31.0,-22.0
20760,57.0,87.0,68.0,-6.0,19.0,33.0
20800,60.0,4.0,-51.0,-8.0,16.0,-10.0
20840,75.0,-18.0,-26.0,0.0,40.0,-7.0
20880,43.0,95.0,44.0,-12.0,27.0,46.0
20920,57.0,-23.0,-63.0,-5.0,34.0,-20.0
20960,43.0,-12.0,-7.0,-8.0,49.0,8.0
21000,19.0,79.0,18.0,-16.0,32.0,24.0
21040,37.0,-47.0,-72.0,-10.0,46.0,-28.0
21080,32.0,-9.0,23.0,-18.0,46.0,21.0
21120,29.0,73.0,27.0,-25.0,25.0,13.0
21160,46.0,-123.0,-71.0,-15.0,41.0,-24.0
21200,16.0,86.0,69.0,-23.0,36.0,23.0
21240,11.0,-45.0,-19.0,-20.0,29.0,-4.0
21280,16.0,-34.0,-21.0,-8.0,53.0,-22.0
21320,3.0,-14.0,59.0,-19.0,34.0,19.0
21360,-4.0,11.0,-21.0,-14.0,36.0,-32.0
21400,19.0,-106.0,-9.0,-6.0,43.0,-21.0
21440,-15.0,98.0,89.0,-15.0,21.0,8.0
21480,16.0,-106.0,-48.0,-6.0,32.0,-51.0
21520,-4.0,-30.0,68.0,-7.0,38.0,-11.0
21560,-25.0,88.0,43.0,-11.0,23.0,-6.0
21600,-1.0,-139.0,-71.0,-2.0,43.0,-53.0
21640,-17.0,86.0,85.0,-8.0,34.0,12.0
21680,-8.0,-41.0,-24.0,-7.0,18.0,-23.0
21720,11.0,-54.0,-30.0,3.0,34.0,-30.0
21760,-3.0,60.0,40.0,-5.0,14.0,10.0
21800,24.0,-42.0,-42.0,-2.0,19.0,-30.0
21840,51.0,-32.0,-3.0,4.0,32.0,-15.0
21880,34.0,32.0,13.0,-5.0,6.0,21.0
21920,64.0,-19.0,-57.0,4.0,11.0,-42.0
21960,60.0,-73.0,-21.0,12.0,13.0,6.0
22000,61.0,111.0,39.0,9.0,0.0,11.0
22040,86.0,-141.0,-123.0,24.0,23.0,-45.0
22080,87.0,72.0,74.0,16.0,17.0,18.0
22120,88.0,1.0,-43.0,16.0,0.0,-3.0
22160,111.0,-66.0,-72.0,22.0,16.0,-35.0
22200,96.0,58.0,75.0,10.0,-1.0,26.0
22240,92.0,2.0,-66.0,14.0,3.0,-24.0
22280,112.0,-70.0,-56.0,22.0,21.0,-8.0
22320,70.0,116.0,66.0,5.0,5.0,27.0
22360,96.0,-82.0,-94.0,11.0,21.0,-31.0
22400,70.0,19.0,0.0,7.0,26.0,22.0
22440,65.0,65.0,32.0,-2.0,5.0,16.0
22480,70.0,-69.0,-93.0,2.0,16.0,-16.0
22520,68.0,17.0,59.0,-5.0,11.0,32.0
22560,39.0,51.0,6.0,-7.0,5.0,6.0
22600,62.0,-115.0,-73.0,0.0,32.0,-9.0
22640,19.0,92.0,83.0,-7.0,24.0,29.0
22680,31.0,-45.0,-22.0,-5.0,22.0,-4.0
22720,33.0,-56.0,-15.0,4.0,35.0,-8.0
22760,15.0,77.0,106.0,-9.0,17.0,29.0
22800,17.0,-71.0,-42.0,3.0,29.0,-36.0
22840,23.0,-3.0,60.0,4.0,40.0,10.0
22880,-13.0,29.0,49.0,-6.0,27.0,4.0
22920,10.0,-32.0,-17.0,0.0,42.0,-37.0
22960,-9.0,-19.0,42.0,-3.0,38.0,9.0
23000,-25.0,76.0,47.0,-9.0,27.0,-1.0
23040,-21.0,-99.0,-55.0,0.0,49.0,-51.0
23080,-40.0,74.0,104.0,-11.0,42.0,24.0
23120,-52.0,11.0,-13.0,-8.0,36.0,-17.0
23160,-33.0,-55.0,-4.0,-8.0,51.0,-27.0
23200,-66.0,97.0,115.0,-19.0,30.0,25.0
23240,-58.0,-42.0,-43.0,-11.0,31.0,-24.0
23280,-58.0,-18.0,49.0,-5.0,42.0,-12.0
23320,-88.0,67.0,103.0,-18.0,22.0,32.0
23360,-71.0,-77.0,-19.0,-3.0,34.0,-50.0
23400,-76.0,10.0,90.0,-4.0,36.0,17.0
23440,-89.0,51.0,76.0,-5.0,20.0,1.0
23480,-52.0,-102.0,-16.0,7.0,34.0,-28.0
23520,-70.0,49.0,123.0,-1.0,22.0,18.0
23560,-63.0,-28.0,20.0,-1.0,9.0,-8.0
23600,-48.0,-53.0,-6.0,12.0,28.0,-32.0
23640,-52.0,30.0,81.0,3.0,17.0,21.0
23680,-36.0,1.0,-17.0,12.0,18.0,-33.0
23720,-9.0,-111.0,-19.0,14.0,27.0,-4.0
23760,-32.0,150.0,89.0,4.0,2.0,19.0
23800,10.0,-144.0,-115.0,13.0,10.0,-31.0
23840,7.0,73.0,76.0,11.0,16.0,15.0
23880,11.0,10.0,-6.0,6.0,0.0,22.0
23920,37.0,-55.0,-46.0,18.0,21.0,-37.0
23960,16.0,30.0,50.0,9.0,8.0,41.0
24000,14.0,12.0,8.0,11.0,-4.0,-10.0
24040,33.0,-52.0,-40.0,23.0,15.0,-12.0
24080,24.0,33.0,93.0,10.0,-1.0,35.0
24120,31.0,24.0,-24.0,20.0,-5.0,-6.0
24160,55.0,-71.0,-1.0,24.0,9.0,-3.0
24200,38.0,104.0,76.0,13.0,-10.0,42.0
24240,53.0,-60.0,-70.0,21.0,3.0,-32.0
24280,58.0,-14.0,11.0,18.0,12.0,20.0
24320,39.0,114.0,7.0,7.0,-10.0,23.0
24360,76.0,-133.0,-129.0,17.0,7.0,-38.0
24400,69.0,129.0,66.0,9.0,9.0,22.0
24440,78.0,-55.0,-97.0,10.0,1.0,-2.0
24480,93.0,33.0,-36.0,14.0,26.0,-31.0
24520,83.0,24.0,18.0,1.0,7.0,36.0
24560,85.0,53.0,-48.0,3.0,2.0,-8.0
24600,110.0,-67.0,-47.0,8.0,19.0,1.0
24640,77.0,115.0,72.0,-4.0,5.0,29.0
24680,89.0,-59.0,-83.0,5.0,25.0,-15.0
24720,72.0,13.0,27.0,3.0,37.0,14.0
24760,60.0,72.0,41.0,-9.0,15.0,29.0
24800,83.0,-73.0,-46.0,-7.0,27.0,-24.0
24840,64.0,52.0,59.0,-8.0,27.0,42.0
24880,54.0,56.0,18.0,-12.0,15.0,13.0
24920,66.0,-94.0,-58.0,-3.0,41.0,-8.0
24960,30.0,88.0,84.0,-15.0,32.0,44.0
25000,37.0,-12.0,-61.0,-16.0,28.0,0.0
25040,49.0,-48.0,-36.0,-12.0,50.0,-5.0
25080,18.0,65.0,50.0,-22.0,31.0,32.0
25120,36.0,-40.0,-53.0,-15.0,37.0,-26.0
25160,35.0,-52.0,-6.0,-12.0,45.0,11.0
25200,19.0,131.0,61.0,-23.0,20.0,21.0
25240,48.0,-140.0,-81.0,-8.0,39.0,-38.0
25280,20.0,96.0,83.0,-9.0,41.0,23.0
25320,12.0,-38.0,-2.0,-13.0,29.0,2.0
25360,9.0,11.0,-30.0,-3.0,48.0,-28.0
25400,9.0,-32.0,64.0,-12.0,32.0,24.0
25440,-3.0,91.0,29.0,-15.0,25.0,-12.0
25480,19.0,-167.0,-39.0,-6.0,44.0,-25.0
25520,-31.0,180.0,125.0,-17.0,24.0,29.0
25560,0.0,-141.0,-71.0,-9.0,28.0,-35.0
25600,-20.0,77.0,45.0,-10.0,38.0,2.0
25640,-14.0,0.0,22.0,-19.0,17.0,16.0
25680,-9.0,-1.0,-49.0,-6.0,29.0,-31.0
25720,-2.0,-46.0,14.0,-6.0,30.0,15.0
25760,-22.0,121.0,37.0,-10.0,12.0,9.0
25800,30.0,-136.0,-80.0,5.0,29.0,-33.0
25840,9.0,116.0,101.0,-4.0,16.0,33.0
25880,40.0,-23.0,-29.0,1.0,6.0,-8.0
25920,48.0,-41.0,-16.0,11.0,24.0,-9.0
25960,42.0,79.0,73.0,6.0,4.0,35.0
26000,50.0,-36.0,-38.0,12.0,4.0,-9.0
26040,70.0,-8.0,-4.0,17.0,16.0,4.0
26080,54.0,52.0,51.0,10.0,-6.0,37.0
26120,80.0,-25.0,-66.0,19.0,9.0,-20.0
26160,79.0,-49.0,31.0,16.0,11.0,27.0
26200,59.0,126.0,21.0,6.0,-8.0,32.0
26240,97.0,-151.0,-102.0,15.0,8.0,-25.0
26280,70.0,104.0,54.0,6.0,1.0,48.0
26320,85.0,-25.0,-51.0,7.0,-8.0,-1.0
26360,83.0,-37.0,-88.0,12.0,17.0,-10.0
26400,77.0,67.0,50.0,5.0,2.0,38.0
26440,76.0,12.0,-76.0,8.0,2.0,-9.0
26480,97.0,-61.0,-43.0,15.0,15.0,4.0
26520,62.0,121.0,70.0,0.0,-6.0,36.0
26560,85.0,-58.0,-101.0,10.0,8.0,-22.0
26600,78.0,9.0,18.0,10.0,16.0,19.0
26640,53.0,96.0,50.0,3.0,1.0,20.0
26680,72.0,-109.0,-97.0,13.0,22.0,-36.0
26720,46.0,85.0,75.0,7.0,16.0,34.0
26760,35.0,1.0,-15.0,4.0,9.0,-10.0
26800,36.0,-58.0,-39.0,11.0,30.0,-21.0
26840,14.0,66.0,77.0,-1.0,17.0,31.0
26880,4.0,-29.0,-58.0,-1.0,17.0,-25.0
26920,11.0,-73.0,-13.0,0.0,37.0,-13.0
26960,-31.0,74.0,60.0,-13.0,18.0,15.0
27000,-18.0,-92.0,-63.0,-6.0,30.0,-49.0
27040,-34.0,-17.0,24.0,-6.0,37.0,-6.0
27080,-42.0,61.0,65.0,-13.0,20.0,-1.0
27120,-33.0,-133.0,-63.0,0.0,37.0,-53.0
27160,-50.0,81.0,118.0,-9.0,36.0,6.0
27200,-74.0,-51.0,-10.0,-9.0,22.0,-20.0
27240,-47.0,4.0,24.0,0.0,45.0,-40.0
27280,-73.0,-30.0,62.0,-7.0,29.0,7.0
27320,-72.0,55.0,49.0,-8.0,27.0,-27.0
27360,-68.0,-126.0,-38.0,2.0,41.0,-41.0
27400,-92.0,119.0,137.0,-13.0,24.0,21.0
27440,-86.0,-93.0,-58.0,0.0,28.0,-47.0
27480,-79.0,4.0,54.0,-3.0,36.0,-11.0
27520,-99.0,25.0,55.0,-9.0,17.0,12.0
27560,-82.0,-38.0,-57.0,1.0,29.0,-46.0
27600,-78.0,-55.0,44.0,-3.0,28.0,3.0
27640,-91.0,116.0,56.0,-9.0,7.0,0.0
27680,-55.0,-219.0,-96.0,7.0,24.0,-49.0
27720,-80.0,172.0,135.0,-1.0,15.0,21.0
27760,-52.0,-133.0,-58.0,6.0,9.0,-29.0
27800,-45.0,39.0,12.0,13.0,26.0,-17.0
27840,-36.0,-11.0,72.0,8.0,5.0,19.0
27880,-22.0,37.0,-25.0,12.0,5.0,-25.0
27920,0.0,-109.0,-11.0,21.0,17.0,-9.0
27960,-36.0,170.0,71.0,11.0,-4.0,25.0
28000,14.0,-158.0,-90.0,25.0,10.0,-42.0
28040,-4.0,107.0,84.0,17.0,9.0,29.0
28080,4.0,-23.0,-28.0,14.0,-8.0,5.0
28120,20.0,-12.0,-42.0,22.0,11.0,-27.0
28160,26.0,4.0,58.0,16.0,1.0,44.0
28200,18.0,56.0,-6.0,12.0,-15.0,3.0
28240,53.0,-79.0,-64.0,17.0,2.0,-16.0
28280,39.0,99.0,66.0,7.0,-15.0,48.0
28320,62.0,-55.0,-90.0,17.0,-6.0,-11.0
28360,62.0,-40.0,-2.0,18.0,16.0,2.0
28400,44.0,85.0,33.0,5.0,-6.0,36.0
28440,60.0,-75.0,-103.0,13.0,1.0,-25.0
28480,69.0,52.0,32.0,13.0,5.0,16.0
28520,59.0,15.0,18.0,9.0,-12.0,12.0
28560,80.0,-24.0,-58.0,21.0,14.0,-29.0
28600,69.0,41.0,40.0,17.0,8.0,35.0
28640,73.0,93.0,-23.0,11.0,-1.0,19.0
28680,102.0,-91.0,-63.0,18.0,17.0,-12.0
28720,70.0,159.0,67.0,5.0,6.0,46.0
28760,87.0,-61.0,-117.0,11.0,10.0,-10.0
28800,75.0,27.0,-38.0,9.0,32.0,10.0
28840,52.0,34.0,4.0,-6.0,9.0,33.0
28880,53.0,-30.0,-97.0,-6.0,22.0,-25.0
28920,63.0,-14.0,-37.0,-7.0,31.0,20.0
28960,43.0,95.0,-9.0,-14.0,17.0,20.0
29000,78.0,-119.0,-95.0,-1.0,35.0,-27.0
29040,49.0,74.0,52.0,-5.0,27.0,35.0
29080,59.0,20.0,-39.0,-3.0,12.0,8.0
29120,56.0,-92.0,-54.0,1.0,46.0,-26.0
29160,26.0,100.0,94.0,-9.0,41.0,35.0
29200,32.0,-61.0,-55.0,-6.0,43.0,-27.0
29240,32.0,-34.0,13.0,-1.0,53.0,-3.0
29280,7.0,52.0,89.0,-14.0,21.0,19.0
29320,31.0,-23.0,-29.0,-5.0,28.0,-33.0
29360,23.0,-51.0,14.0,-4.0,45.0,-7.0
29400,-11.0,135.0,65.0,-15.0,37.0,21.0
29440,11.0,-161.0,-87.0,-9.0,60.0,-44.0
29480,-27.0,97.0,65.0,-20.0,48.0,29.0
29520,-15.0,-1.0,-48.0,-28.0,22.0,-9.0
29560,9.0,-65.0,-53.0,-17.0,35.0,-36.0
29600,-20.0,39.0,59.0,-20.0,27.0,6.0
29640,-21.0,-4.0,-47.0,-17.0,27.0,-32.0
29680,-19.0,-81.0,-60.0,-7.0,50.0,-28.0
29720,-28.0,109.0,79.0,-18.0,21.0,20.0
29760,2.0,-60.0,-79.0,-6.0,23.0,-31.0
29800,16.0,-16.0,14.0,3.0,28.0,-3.0
29840,-16.0,78.0,48.0,1.0,12.0,12.0
29880,20.0,-79.0,-49.0,17.0,36.0,-36.0
29920,-1.0,9.0,49.0,14.0,36.0,19.0
29960,15.0,99.0,33.0,4.0,15.0,9.0
30000,52.0,-122.0,-83.0,12.0,26.0,-23.0
30040,39.0,102.0,107.0,3.0,10.0,43.0
30080,39.0,-27.0,-42.0,7.0,4.0,-12.0
30120,57.0,-55.0,-32.0,14.0,26.0,1.0
30160,37.0,96.0,43.0,4.0,10.0,39.0
30200,71.0,-46.0,-79.0,8.0,15.0,-9.0
30240,81.0,-35.0,-18.0,8.0,21.0,13.0
30280,66.0,110.0,27.0,-5.0,-8.0,41.0
30320,102.0,-88.0,-122.0,12.0,3.0,-18.0
30360,96.0,20.0,46.0,7.0,2.0,36.0
30400,92.0,77.0,7.0,5.0,-9.0,15.0
30440,113.0,-83.0,-127.0,18.0,18.0,-9.0
30480,95.0,68.0,69.0,12.0,10.0,37.0
30520,90.0,33.0,-35.0,11.0,-1.0,12.0
30560,114.0,-87.0,-69.0,18.0,14.0,-8.0
30600,82.0,140.0,65.0,6.0,-7.0,51.0
30640,103.0,-61.0,-64.0,13.0,5.0,-15.0
30680,89.0,-17.0,0.0,17.0,25.0,15.0
30720,59.0,117.0,55.0,4.0,7.0,34.0
30760,72.0,-83.0,-110.0,10.0,18.0,-14.0
30800,65.0,49.0,60.0,3.0,18.0,23.0
30840,39.0,39.0,0.0,-5.0,3.0,23.0
30880,46.0,-69.0,-75.0,3.0,31.0,-30.0
30920,14.0,42.0,62.0,-4.0,26.0,39.0
30960,4.0,9.0,-6.0,-7.0,20.0,-10.0
31000,23.0,-78.0,-43.0,-2.0,36.0,-19.0
31040,-7.0,67.0,89.0,-11.0,17.0,20.0
31080,-5.0,-31.0,-31.0,-7.0,19.0,-25.0
31120,-7.0,-81.0,16.0,-1.0,37.0,-19.0
31160,-52.0,93.0,90.0,-9.0,24.0,16.0
31200,-31.0,-82.0,-51.0,-2.0,39.0,-51.0
31240,-43.0,-9.0,54.0,2.0,42.0,3.0
31280,-55.0,58.0,77.0,-7.0,24.0,-11.0
31320,-45.0,-108.0,-41.0,1.0,40.0,-44.0
31360,-67.0,54.0,95.0,-7.0,36.0,4.0
31400,-79.0,-8.0,33.0,-15.0,26.0,-13.0
31440,-59.0,-77.0,-12.0,-3.0,47.0,-43.0
31480,-92.0,49.0,95.0,-16.0,33.0,7.0
31520,-85.0,0.0,-8.0,-14.0,31.0,-29.0
31560,-75.0,-94.0,-11.0,-4.0,41.0,-31.0
31600,-102.0,102.0,122.0,-21.0,22.0,14.0
31640,-81.0,-87.0,-54.0,-10.0,27.0,-43.0
31680,-81.0,-20.0,65.0,-7.0,35.0,-9.0
31720,-94.0,57.0,84.0,-14.0,18.0,8.0
31760,-60.0,-76.0,-46.0,1.0,30.0,-51.0
31800,-67.0,-1.0,81.0,0.0,24.0,11.0
31840,-67.0,75.0,65.0,-3.0,5.0,-8.0
31880,-38.0,-154.0,-46.0,13.0,21.0,-40.0
31920,-53.0,163.0,143.0,6.0,11.0,25.0
31960,-32.0,-89.0,-59.0,16.0,7.0,-21.0
32000,-19.0,11.0,22.0,19.0,25.0,-12.0
32040,-28.0,46.0,77.0,7.0,1.0,29.0
32080,-4.0,4.0,-37.0,12.0,5.0,-22.0
32120,8.0,-49.0,-2.0,14.0,16.0,6.0
32160,-12.0,93.0,72.0,5.0,-2.0,33.0
32200,28.0,-99.0,-58.0,20.0,12.0,-29.0
32240,25.0,58.0,65.0,11.0,6.0,36.0
32280,36.0,80.0,0.0,6.0,-18.0,28.0
32320,69.0,-102.0,-64.0,16.0,-1.0,-9.0
32360,47.0,63.0,94.0,10.0,-5.0,49.0
32400,37.0,6.0,-54.0,11.0,-6.0,6.0
32440,61.0,-53.0,-42.0,18.0,17.0,0.0
32480,47.0,100.0,65.0,8.0,-7.0,53.0
32520,73.0,-76.0,-82.0,13.0,-6.0,-26.0
32560,89.0,43.0,1.0,18.0,8.0,2.0
32600,77.0,46.0,8.0,12.0,-9.0,31.0
32640,86.0,-20.0,-58.0,20.0,9.0,-15.0
32680,79.0,14.0,22.0,14.0,10.0,22.0
32720,70.0,110.0,-24.0,6.0,-5.0,31.0
32760,98.0,-87.0,-94.0,16.0,19.0,-22.0
32800,55.0,110.0,69.0,6.0,16.0,40.0
32840,59.0,5.0,-54.0,-2.0,9.0,0.0
32880,54.0,-20.0,-81.0,6.0,30.0,-3.0
32920,41.0,44.0,61.0,-5.0,15.0,35.0
32960,45.0,29.0,-39.0,-6.0,16.0,-5.0
33000,82.0,-64.0,-33.0,-2.0,33.0,18.0
33040,48.0,159.0,69.0,-12.0,10.0,55.0
33080,74.0,-151.0,-61.0,-1.0,25.0,-21.0
33120,32.0,89.0,64.0,-3.0,37.0,38.0
33160,36.0,4.0,-11.0,-8.0,29.0,23.0
33200,49.0,-45.0,-45.0,-1.0,55.0,-15.0
33240,44.0,4.0,67.0,-10.0,42.0,30.0
33280,49.0,54.0,-2.0,-11.0,20.0,-2.0
33320,75.0,-125.0,-72.0,-1.0,36.0,-17.0
33360,36.0,106.0,105.0,-14.0,28.0,22.0
33400,40.0,-52.0,-51.0,-11.0,44.0,-30.0
33440,19.0,-47.0,-27.0,-4.0,65.0,-14.0
33480,-14.0,127.0,35.0,-20.0,40.0,22.0
33520,20.0,-102.0,-92.0,-16.0,41.0,-44.0
33560,13.0,19.0,10.0,-16.0,35.0,9.0
33600,-3.0,30.0,10.0,-24.0,13.0,-8.0
33640,-6.0,-85.0,-97.0,-17.0,41.0,-53.0
33680,-25.0,28.0,51.0,-24.0,43.0,6.0
33720,-25.0,37.0,-48.0,-24.0,34.0,-6.0
33760,13.0,-104.0,-54.0,-18.0,44.0,-34.0
33800,-18.0,102.0,65.0,-26.0,13.0,26.0
33840,10.0,-51.0,-48.0,-8.0,10.0,-22.0
33880,2.0,-45.0,-4.0,1.0,37.0,-12.0
33920,-11.0,71.0,91.0,-9.0,28.0,12.0
33960,20.0,-54.0,-49.0,0.0,40.0,-29.0
34000,38.0,-14.0,34.0,5.0,36.0,8.0
34040,40.0,91.0,60.0,-7.0,5.0,20.0
34080,67.0,-123.0,-47.0,2.0,18.0,-38.0
34120,49.0,77.0,89.0,2.0,20.0,24.0
34160,49.0,-7.0,-11.0,2.0,14.0,7.0
34200,64.0,-28.0,-44.0,11.0,39.0,-25.0
34240,57.0,27.0,45.0,1.0,19.0,26.0
34280,80.0,63.0,-41.0,0.0,4.0,0.0
34320,108.0,-134.0,-89.0,7.0,7.0,-6.0
34360,71.0,164.0,76.0,-8.0,-13.0,36.0
34400,93.0,-125.0,-121.0,3.0,3.0,-33.0
34440,84.0,31.0,10.0,4.0,20.0,24.0
34480,74.0,61.0,-7.0,-5.0,3.0,24.0
34520,96.0,-61.0,-91.0,3.0,14.0,-28.0
34560,93.0,31.0,35.0,3.0,-5.0,42.0
34600,83.0,58.0,-5.0,0.0,-22.0,15.0
34640,106.0,-96.0,-70.0,12.0,7.0,-16.0
34680,70.0,101.0,95.0,4.0,5.0,41.0
34720,78.0,2.0,-25.0,7.0,9.0,2.0
34760,82.0,-25.0,-27.0,9.0,25.0,5.0
34800,67.0,87.0,92.0,-6.0,-3.0,45.0
34840,68.0,-23.0,-28.0,-2.0,0.0,-7.0
34880,63.0,-33.0,29.0,2.0,17.0,23.0
34920,21.0,118.0,71.0,-9.0,9.0,37.0
34960,44.0,-82.0,-64.0,2.0,31.0,-20.0
35000,21.0,45.0,66.0,-2.0,29.0,40.0
35040,14.0,69.0,21.0,-11.0,6.0,24.0
35080,18.0,-87.0,-64.0,-5.0,22.0,-18.0
35120,-14.0,60.0,105.0,-13.0,15.0,40.0
35160,-34.0,-3.0,8.0,-10.0,18.0,-3.0
35200,-22.0,-74.0,-19.0,-2.0,47.0,-9.0
35240,-50.0,93.0,111.0,-11.0,29.0,28.0
35280,-36.0,-51.0,-25.0,-2.0,27.0,-18.0
35320,-38.0,-17.0,48.0,3.0,35.0,0.0
35360,-66.0,53.0,102.0,-10.0,14.0,23.0
35400,-69.0,-47.0,-14.0,-2.0,36.0,-37.0
35440,-70.0,-19.0,105.0,-4.0,46.0,17.0
35480,-103.0,72.0,84.0,-10.0,32.0,3.0
35520,-69.0,-93.0,-17.0,-4.0,46.0,-36.0
35560,-93.0,69.0,129.0,-13.0,30.0,21.0
35600,-89.0,-14.0,20.0,-14.0,17.0,-5.0
35640,-87.0,-66.0,6.0,-8.0,37.0,-32.0
35680,-104.0,72.0,107.0,-17.0,29.0,27.0
35720,-96.0,-16.0,-41.0,-10.0,33.0,-30.0
35760,-73.0,-55.0,5.0,-3.0,45.0,-5.0
35800,-93.0,94.0,94.0,-11.0,14.0,6.0
35840,-73.0,-93.0,-84.0,-3.0,16.0,-34.0
35880,-71.0,32.0,59.0,4.0,20.0,-7.0
35920,-82.0,30.0,27.0,1.0,6.0,11.0
35960,-54.0,-56.0,-53.0,18.0,28.0,-52.0
36000,-55.0,57.0,56.0,17.0,19.0,26.0
36040,-51.0,-21.0,-42.0,21.0,3.0,-9.0
36080,-37.0,-35.0,-67.0,28.0,17.0,-32.0
36120,-50.0,36.0,128.0,18.0,3.0,12.0
36160,-14.0,73.0,20.0,23.0,3.0,-12.0
36200,-16.0,-133.0,-142.0,34.0,22.0,-12.0
36240,-23.0,161.0,159.0,21.0,2.0,38.0
36280,18.0,-108.0,-42.0,32.0,-2.0,-18.0
36320,11.0,37.0,-53.0,23.0,5.0,26.0
36360,10.0,110.0,46.0,3.0,-17.0,23.0
36400,50.0,-115.0,-95.0,19.0,6.0,-12.0
36440,41.0,-2.0,3.0,16.0,8.0,40.0
36480,14.0,80.0,-7.0,6.0,-10.0,2.0
36520,43.0,-141.0,-92.0,14.0,10.0,-40.0
36560,31.0,141.0,57.0,0.0,-9.0,73.0
36600,54.0,-85.0,-111.0,14.0,-21.0,-37.0
36640,85.0,-38.0,4.0,16.0,-3.0,-22.0
36680,60.0,57.0,3.0,15.0,-13.0,48.0
36720,67.0,-71.0,-104.0,24.0,4.0,-47.0
36760,54.0,14.0,24.0,15.0,20.0,-9.0
36800,44.0,-3.0,-53.0,7.0,-6.0,14.0
36840,82.0,-39.0,-49.0,19.0,4.0,-49.0
36880,56.0,0.0,-38.0,10.0,4.0,19.0
36920,62.0,12.0,-28.0,0.0,-5.0,-17.0
36960,48.0,-36.0,-55.0,14.0,20.0,-45.0
37000,39.0,27.0,-11.0,9.0,13.0,22.0
37040,39.0,21.0,-94.0,0.0,10.0,-11.0
37080,72.0,-6.0,-56.0,4.0,33.0,-31.0
37120,53.0,2.0,12.0,-5.0,11.0,30.0
37160,44.0,34.0,-43.0,-1.0,17.0,-10.0
37200,39.0,-76.0,-56.0,-1.0,36.0,-17.0
37240,36.0,114.0,75.0,-15.0,17.0,29.0
37280,51.0,-112.0,-104.0,-5.0,30.0,-22.0
37320,36.0,43.0,48.0,-12.0,34.0,-8.0
37360,28.0,19.0,9.0,-16.0,11.0,1.0
37400,42.0,-79.0,-82.0,-3.0,36.0,-27.0
37440,22.0,12.0,68.0,-14.0,30.0,5.0
37480,20.0,31.0,-11.0,-21.0,25.0,-32.0
37520,34.0,-127.0,-83.0,-7.0,47.0,-25.0
37560,2.0,102.0,107.0,-16.0,31.0,2.0
37600,27.0,-86.0,-45.0,-24.0,32.0,-52.0
37640,20.0,-41.0,-13.0,-23.0,40.0,-13.0
37680,3.0,66.0,52.0,-27.0,20.0,-3.0
37720,18.0,-95.0,-53.0,-23.0,33.0,-47.0
37760,-4.0,-7.0,47.0,-19.0,37.0,3.0
37800,-22.0,82.0,32.0,-27.0,23.0,-5.0
37840,8.0,-71.0,-64.0,-20.0,43.0,-36.0
37880,4.0,21.0,106.0,-26.0,25.0,45.0
37920,-4.0,40.0,40.0,-27.0,12.0,-21.0
37960,8.0,-76.0,-32.0,-16.0,35.0,-17.0
38000,-11.0,81.0,121.0,-24.0,22.0,50.0
38040,-1.0,-17.0,-8.0,-13.0,22.0,-23.0
38080,18.0,-45.0,17.0,-5.0,35.0,-1.0
38120,8.0,108.0,81.0,-10.0,7.0,42.0
38160,37.0,-80.0,-55.0,3.0,15.0,-25.0
38200,26.0,9.0,77.0,-2.0,25.0,22.0
38240,23.0,71.0,46.0,-6.0,3.0,18.0
38280,56.0,-81.0,-88.0,10.0,19.0,-15.0
38320,68.0,72.0,67.0,5.0,12.0,27.0
38360,80.0,-9.0,-19.0,1.0,-1.0,8.0
38400,100.0,-16.0,-48.0,12.0,24.0,-22.0
38440,70.0,54.0,6.0,2.0,6.0,38.0
38480,86.0,10.0,-48.0,8.0,8.0,-3.0
38520,106.0,-25.0,-53.0,13.0,22.0,4.0
38560,102.0,94.0,20.0,1.0,-1.0,41.0
38600,122.0,-11.0,-87.0,8.0,5.0,-2.0
38640,127.0,-35.0,14.0,5.0,11.0,28.0
38680,94.0,143.0,30.0,-3.0,-9.0,49.0
38720,115.0,-107.0,-105.0,7.0,10.0,-9.0
38760,98.0,119.0,83.0,4.0,10.0,58.0
38800,93.0,2.0,-19.0,3.0,0.0,24.0
38840,110.0,2.0,-37.0,11.0,19.0,12.0
38880,79.0,44.0,50.0,3.0,6.0,59.0
38920,66.0,29.0,-2.0,-1.0,6.0,9.0
38960,68.0,-54.0,-28.0,9.0,26.0,14.0
39000,35.0,92.0,69.0,1.0,9.0,51.0
39040,41.0,-43.0,-50.0,3.0,21.0,-23.0
39080,45.0,1.0,21.0,4.0,29.0,22.0
39120,13.0,48.0,26.0,-2.0,7.0,30.0
39160,13.0,-46.0,-71.0,5.0,27.0,-35.0
39200,-3.0,4.0,37.0,4.0,27.0,27.0
39240,-28.0,55.0,10.0,2.0,17.0,9.0
39280,3.0,-72.0,-63.0,10.0,42.0,-34.0
39320,-22.0,40.0,66.0,0.0,29.0,31.0
39360,-22.0,12.0,-7.0,2.0,23.0,-21.0
39400,-14.0,-83.0,-56.0,9.0,40.0,-17.0
39440,-31.0,97.0,86.0,-4.0,26.0,30.0
39480,-26.0,-88.0,-16.0,0.0,35.0,-37.0
39520,-25.0,31.0,42.0,5.0,48.0,0.0
39560,-54.0,0.0,30.0,-1.0,26.0,22.0
39600,-57.0,5.0,11.0,5.0,41.0,-37.0
39640,-54.0,-52.0,47.0,0.0,42.0,4.0
39680,-82.0,66.0,47.0,-9.0,28.0,14.0
39720,-63.0,-109.0,-46.0,0.0,46.0,-52.0
39760,-82.0,58.0,75.0,-9.0,39.0,14.0
39800,-87.0,-33.0,-7.0,-7.0,27.0,-27.0
39840,-76.0,-32.0,6.0,3.0,42.0,-44.0
39880,-98.0,17.0,44.0,-4.0,22.0,13.0
39920,-101.0,-7.0,-33.0,1.0,22.0,-43.0
39960,-80.0,-65.0,14.0,8.0,35.0,-30.0
40000,-95.0,63.0,51.0,0.0,15.0,18.0
40040,-64.0,-73.0,-77.0,13.0,21.0,-54.0
40080,-50.0,-1.0,41.0,12.0,24.0,-10.0
40120,-59.0,16.0,12.0,9.0,4.0,-1.0
40160,-30.0,-106.0,-72.0,20.0,23.0,-50.0
40200,-37.0,57.0,49.0,18.0,21.0,8.0
40240,-25.0,-66.0,18.0,16.0,7.0,-17.0
40280,2.0,87.0,-35.0,29.0,25.0,-32.0
40320,-9.0,-134.0,-23.0,20.0,9.0,23.0
40360,-2.0,175.0,83.0,25.0,3.0,-15.0
40400,23.0,-231.0,-132.0,35.0,15.0,-9.0
40440,16.0,232.0,145.0,15.0,-3.0,31.0
40480,42.0,-124.0,-129.0,20.0,0.0,-25.0
40520,53.0,-15.0,29.0,20.0,17.0,9.0
40560,27.0,86.0,41.0,14.0,-6.0,26.0
40600,49.0,-127.0,-135.0,17.0,11.0,-48.0
40640,48.0,81.0,55.0,11.0,1.0,44.0
40680,37.0,-15.0,-22.0,7.0,-22.0,4.0
40720,64.0,-61.0,-74.0,19.0,5.0,-43.0
40760,45.0,53.0,24.0,6.0,1.0,33.0
40800,66.0,12.0,-98.0,17.0,4.0,-29.0
40840,103.0,-54.0,-58.0,16.0,19.0,0.0
40880,88.0,71.0,22.0,1.0,-10.0,27.0
40920,89.0,-73.0,-101.0,4.0,-5.0,-49.0
40960,83.0,39.0,-22.0,9.0,20.0,5.0
41000,76.0,55.0,-40.0,2.0,7.0,21.0
41040,110.0,-41.0,-56.0,8.0,25.0,-33.0
41080,102.0,58.0,30.0,3.0,20.0,24.0
41120,77.0,14.0,-45.0,0.0,1.0,20.0
41160,77.0,68.0,-39.0,7.0,37.0,-21.0
41200,74.0,2.0,48.0,-5.0,35.0,42.0
41240,67.0,96.0,21.0,-6.0,26.0,29.0
41280,87.0,-69.0,-38.0,-6.0,39.0,6.0
41320,38.0,111.0,81.0,-20.0,13.0,54.0
41360,39.0,-28.0,-32.0,-14.0,24.0,3.0
41400,35.0,-6.0,23.0,-12.0,51.0,21.0
41440,25.0,70.0,45.0,-26.0,32.0,43.0
41480,21.0,-58.0,-67.0,-20.0,39.0,-8.0
41520,22.0,8.0,41.0,-18.0,35.0,17.0
41560,15.0,82.0,22.0,-25.0,17.0,28.0
41600,42.0,-117.0,-83.0,-15.0,45.0,-36.0
41640,15.0,77.0,89.0,-18.0,38.0,32.0
41680,20.0,-35.0,-22.0,-20.0,30.0,-14.0
41720,37.0,-33.0,-12.0,-12.0,51.0,-26.0
41760,10.0,51.0,66.0,-25.0,39.0,26.0
41800,30.0,3.0,-14.0,-17.0,37.0,-37.0
41840,41.0,-73.0,-5.0,-10.0,44.0,7.0
41880,6.0,106.0,104.0,-20.0,19.0,14.0
41920,15.0,-55.0,-29.0,-16.0,38.0,-40.0
41960,13.0,6.0,48.0,-16.0,51.0,23.0
42000,-2.0,83.0,48.0,-24.0,29.0,23.0
42040,19.0,-74.0,-41.0,-13.0,39.0,-32.0
42080,-3.0,41.0,86.0,-23.0,23.0,38.0
42120,-16.0,37.0,10.0,-21.0,8.0,-3.0
42160,1.0,-89.0,-44.0,-7.0,35.0,-21.0
42200,-28.0,75.0,102.0,-16.0,23.0,29.0
42240,-5.0,-22.0,-27.0,-3.0,20.0,-24.0
42280,12.0,-54.0,-13.0,3.0,27.0,-3.0
42320,-1.0,80.0,79.0,-7.0,0.0,15.0
42360,13.0,-70.0,-64.0,10.0,6.0,-39.0
42400,19.0,-4.0,41.0,17.0,18.0,-9.0
42440,13.0,52.0,40.0,12.0,2.0,15.0
42480,56.0,-63.0,-72.0,21.0,26.0,-50.0
42520,56.0,12.0,54.0,13.0,14.0,14.0
42560,55.0,55.0,10.0,11.0,-4.0,-4.0
42600,80.0,-96.0,-82.0,21.0,17.0,-26.0
42640,68.0,84.0,59.0,5.0,-1.0,33.0
42680,87.0,-34.0,-46.0,9.0,-4.0,-9.0
42720,98.0,-43.0,-47.0,10.0,15.0,7.0
42760,82.0,79.0,46.0,-2.0,-7.0,37.0
42800,82.0,-36.0,-95.0,6.0,3.0,-8.0
42840,99.0,-40.0,-19.0,8.0,10.0,26.0
42880,68.0,71.0,23.0,-5.0,-17.0,44.0
42920,91.0,-92.0,-87.0,7.0,2.0,-23.0
42960,69.0,22.0,20.0,3.0,6.0,37.0
43000,56.0,22.0,-2.0,4.0,-4.0,16.0
43040,66.0,-81.0,-67.0,15.0,19.0,-29.0
43080,38.0,33.0,66.0,7.0,2.0,39.0
43120,28.0,6.0,-18.0,13.0,-3.0,-20.0
43160,41.0,-75.0,-39.0,18.0,20.0,-18.0
43200,11.0,66.0,89.0,7.0,9.0,25.0
43240,1.0,-41.0,-48.0,11.0,20.0,-40.0
43280,2.0,-49.0,5.0,11.0,27.0,-2.0
43320,-36.0,97.0,43.0,-1.0,3.0,16.0
43360,-15.0,-96.0,-66.0,2.0,23.0,-58.0
43400,-37.0,33.0,53.0,-4.0,26.0,9.0
43440,-52.0,12.0,15.0,-12.0,13.0,1.0
43480,-39.0,-42.0,-53.0,-4.0,35.0,-43.0
43520,-48.0,7.0,74.0,-14.0,19.0,22.0
43560,-64.0,25.0,6.0,-13.0,12.0,-17.0
43600,-37.0,-78.0,-21.0,-8.0,34.0,-28.0
43640,-60.0,46.0,104.0,-17.0,15.0,25.0
43680,-63.0,-29.0,-13.0,-8.0,21.0,-34.0
43720,-44.0,-80.0,41.0,-4.0,35.0,-17.0
43760,-68.0,86.0,122.0,-13.0,15.0,13.0
43800,-45.0,-115.0,-35.0,2.0,27.0,-53.0
43840,-51.0,27.0,105.0,0.0,26.0,-2.0
43880,-58.0,-4.0,62.0,-4.0,5.0,-1.0
43920,-46.0,-74.0,-17.0,7.0,28.0,-50.0
43960,-53.0,27.0,117.0,-1.0,24.0,7.0
44000,-67.0,-15.0,15.0,-1.0,15.0,-22.0
44040,-44.0,-55.0,-1.0,6.0,34.0,-36.0
44080,-68.0,34.0,87.0,-5.0,10.0,10.0
44120,-54.0,-10.0,-10.0,-5.0,6.0,-39.0
44160,-38.0,-52.0,-5.0,-1.0,20.0,-18.0
44200,-58.0,74.0,83.0,-7.0,0.0,13.0
44240,-39.0,-61.0,-45.0,2.0,12.0,-44.0
44280,-38.0,-1.0,39.0,3.0,18.0,4.0
44320,-50.0,79.0,49.0,0.0,-5.0,14.0
44360,-16.0,-69.0,-58.0,12.0,10.0,-40.0
44400,-25.0,51.0,71.0,7.0,2.0,23.0
44440,-28.0,16.0,12.0,8.0,-13.0,-2.0
44480,3.0,-38.0,-39.0,23.0,11.0,-28.0
44520,5.0,26.0,81.0,12.0,-8.0,40.0
44560,2.0,37.0,-27.0,19.0,-11.0,-21.0
44600,48.0,-64.0,-18.0,25.0,7.0,-13.0
44640,13.0,107.0,68.0,12.0,-16.0,44.0
44680,45.0,-61.0,-63.0,23.0,-4.0,-32.0
44720,39.0,-11.0,7.0,19.0,5.0,11.0
44760,42.0,79.0,40.0,7.0,-14.0,34.0
44800,49.0,-84.0,-84.0,17.0,4.0,-38.0
44840,60.0,81.0,75.0,7.0,3.0,34.0
44880,60.0,0.0,-29.0,1.0,-15.0,14.0
44920,93.0,-37.0,-60.0,7.0,7.0,-10.0
44960,65.0,8.0,47.0,-5.0,-7.0,44.0
45000,46.0,14.0,-13.0,-4.0,-5.0,4.0
45040,39.0,-79.0,-52.0,3.0,21.0,-15.0
45080,1.0,105.0,65.0,-13.0,4.0,40.0
45120,32.0,-40.0,-75.0,-3.0,7.0,-29.0
45160,51.0,6.0,10.0,-3.0,11.0,24.0
45200,39.0,57.0,62.0,-8.0,-18.0,25.0
45240,40.0,-38.0,-55.0,2.0,11.0,-25.0
45280,23.0,20.0,36.0,-6.0,31.0,26.0
45320,0.0,78.0,16.0,-11.0,21.0,24.0
45360,42.0,-69.0,-57.0,-2.0,42.0,-18.0
45400,37.0,80.0,54.0,-15.0,14.0,50.0
45440,31.0,3.0,-39.0,-13.0,5.0,-10.0
45480,30.0,-39.0,-29.0,-5.0,38.0,-10.0
45520,6.0,89.0,62.0,-19.0,30.0,43.0
45560,27.0,-36.0,-74.0,-14.0,40.0,-10.0
45600,46.0,-9.0,14.0,-13.0,48.0,11.0
45640,39.0,73.0,39.0,-25.0,15.0,39.0
45680,45.0,-48.0,-77.0,-15.0,32.0,-37.0
45720,27.0,-12.0,30.0,-12.0,42.0,29.0
45760,7.0,55.0,21.0,-17.0,30.0,5.0
45800,26.0,-135.0,-79.0,-9.0,55.0,-37.0
45840,8.0,95.0,81.0,-23.0,39.0,22.0
45880,18.0,-38.0,-60.0,-20.0,28.0,-19.0
45920,37.0,-34.0,-32.0,-9.0,47.0,-38.0
45960,12.0,23.0,64.0,-18.0,24.0,23.0
46000,1.0,-22.0,-45.0,-11.0,32.0,-49.0
46040,11.0,-36.0,-25.0,-9.0,54.0,-17.0
46080,-8.0,73.0,42.0,-19.0,37.0,6.0
46120,16.0,-73.0,-78.0,-8.0,53.0,-47.0
46160,5.0,-4.0,33.0,-10.0,45.0,-2.0
46200,-12.0,57.0,9.0,-17.0,12.0,1.0
46240,13.0,-85.0,-77.0,-3.0,32.0,-46.0
46280,11.0,30.0,69.0,-10.0,29.0,19.0
46320,12.0,32.0,-4.0,-6.0,25.0,-13.0
46360,46.0,-82.0,-64.0,8.0,48.0,-15.0
46400,20.0,102.0,46.0,-1.0,21.0,36.0
46440,44.0,-87.0,-54.0,4.0,15.0,-19.0
46480,46.0,12.0,-9.0,9.0,27.0,-5.0
46520,47.0,15.0,-4.0,4.0,7.0,27.0
46560,66.0,2.0,-61.0,15.0,24.0,-43.0
46600,90.0,-54.0,-18.0,14.0,26.0,10.0
46640,69.0,98.0,21.0,8.0,3.0,5.0
46680,100.0,-73.0,-114.0,19.0,19.0,-37.0
46720,95.0,61.0,20.0,13.0,8.0,27.0
46760,97.0,44.0,-36.0,11.0,-3.0,10.0
46800,123.0,-44.0,-89.0,24.0,20.0,-25.0
46840,105.0,62.0,27.0,10.0,3.0,51.0
46880,93.0,36.0,-65.0,11.0,4.0,-14.0
46920,111.0,-62.0,-82.0,12.0,22.0,9.0
46960,83.0,107.0,43.0,-6.0,-8.0,54.0
47000,95.0,-66.0,-98.0,3.0,-3.0,-15.0
47040,82.0,5.0,-11.0,4.0,6.0,30.0
47080,62.0,63.0,3.0,-3.0,-10.0,39.0
47120,63.0,-67.0,-103.0,10.0,18.0,-19.0
47160,56.0,4.0,46.0,3.0,14.0,44.0
47200,24.0,58.0,-6.0,-1.0,-5.0,19.0
47240,49.0,-116.0,-92.0,11.0,18.0,-16.0
47280,12.0,95.0,97.0,-2.0,3.0,35.0
47320,14.0,-72.0,-40.0,4.0,5.0,-11.0
47360,23.0,-20.0,6.0,13.0,28.0,-16.0
47400,-1.0,42.0,43.0,-2.0,8.0,29.0
47440,1.0,-48.0,-42.0,3.0,19.0,-40.0
47480,-3.0,-30.0,11.0,1.0,30.0,0.0
47520,-24.0,39.0,44.0,-10.0,7.0,7.0
47560,-7.0,-46.0,-70.0,-3.0,25.0,-41.0
47600,-8.0,-19.0,23.0,-9.0,22.0,5.0
47640,-16.0,58.0,40.0,-14.0,7.0,-4.0
47680,1.0,-95.0,-70.0,-5.0,33.0,-49.0
47720,-14.0,56.0,65.0,-17.0,24.0,15.0
47760,-23.0,0.0,-10.0,-15.0,15.0,-18.0
47800,0.0,-68.0,-48.0,-6.0,34.0,-35.0
47840,-18.0,52.0,105.0,-18.0,11.0,28.0
47880,-27.0,-9.0,-53.0,-7.0,21.0,-50.0
47920,-2.0,-65.0,23.0,0.0,39.0,-16.0
47960,-45.0,122.0,87.0,-10.0,20.0,26.0
48000,-28.0,-132.0,-61.0,1.0,31.0,-66.0
48040,-41.0,78.0,96.0,-8.0,28.0,14.0
48080,-47.0,0.0,20.0,-10.0,8.0,-8.0
48120,-35.0,-37.0,-42.0,6.0,31.0,-49.0
48160,-36.0,11.0,93.0,-3.0,25.0,10.0
48200,-58.0,32.0,-13.0,-2.0,15.0,-23.0
48240,-22.0,-83.0,-30.0,5.0,33.0,-35.0
48280,-55.0,107.0,80.0,-9.0,9.0,25.0
48320,-30.0,-79.0,-41.0,-2.0,11.0,-40.0
48360,-16.0,21.0,25.0,3.0,27.0,-5.0
48400,-17.0,16.0,41.0,-5.0,2.0,26.0
48440,-1.0,-16.0,-43.0,4.0,14.0,-36.0
48480,2.0,-34.0,9.0,2.0,18.0,12.0
48520,-18.0,57.0,29.0,-3.0,-1.0,17.0
48560,19.0,-64.0,-81.0,13.0,21.0,-27.0
48600,27.0,15.0,42.0,5.0,12.0,27.0
48640,36.0,34.0,-5.0,7.0,-8.0,15.0
48680,69.0,-97.0,-59.0,19.0,14.0,-21.0
48720,47.0,62.0,69.0,7.0,1.0,46.0
48760,45.0,-22.0,-38.0,13.0,6.0,-21.0
48800,64.0,-27.0,-38.0,22.0,26.0,3.0
48840,50.0,52.0,53.0,10.0,-1.0,45.0
48880,58.0,-25.0,-70.0,18.0,7.0,-31.0
48920,64.0,-35.0,15.0,19.0,16.0,14.0
48960,43.0,147.0,16.0,7.0,-4.0,35.0
49000,74.0,-111.0,-104.0,14.0,23.0,-34.0
49040,52.0,95.0,69.0,3.0,19.0,34.0
49080,31.0,-14.0,-59.0,-2.0,3.0,3.0
49120,38.0,-20.0,-103.0,7.0,25.0,-20.0
49160,27.0,60.0,16.0,-9.0,7.0,39.0
49200,30.0,-13.0,-65.0,-6.0,3.0,-13.0
49240,43.0,-56.0,-20.0,2.0,23.0,-11.0
49280,-6.0,80.0,11.0,-8.0,7.0,35.0
49320,11.0,-68.0,-88.0,1.0,25.0,-37.0
49360,13.0,-1.0,26.0,-1.0,39.0,16.0
49400,5.0,19.0,27.0,-11.0,9.0,25.0
49440,16.0,-51.0,-75.0,0.0,24.0,-35.0
49480,20.0,-2.0,34.0,-3.0,22.0,11.0
49520,-8.0,10.0,11.0,-3.0,12.0,2.0
49560,13.0,-70.0,-17.0,7.0,47.0,-42.0
49600,-6.0,50.0,53.0,-8.0,38.0,26.0
49640,12.0,18.0,-17.0,-7.0,25.0,-10.0
49680,18.0,-90.0,-29.0,-3.0,43.0,-15.0
49720,-6.0,109.0,70.0,-14.0,18.0,29.0
49760,10.0,-95.0,-81.0,-11.0,28.0,-34.0
49800,3.0,37.0,-19.0,-10.0,47.0,-4.0
49840,-6.0,-8.0,16.0,-25.0,23.0,14.0
49880,-1.0,30.0,-68.0,-14.0,38.0,-46.0
49920,0.0,-110.0,-37.0,-17.0,35.0,3.0
49960,-33.0,194.0,50.0,-22.0,14.0,1.0
50000,33.0,-39.0,-75.0,-5.0,-7.0,-9.0
50040,23.0,14.0,48.0,-11.0,-16.0,37.0
50080,-6.0,62.0,33.0,-14.0,-32.0,22.0
50120,6.0,-100.0,-59.0,0.0,-3.0,-19.0
50160,-28.0,85.0,81.0,-10.0,-16.0,45.0
50200,-33.0,-44.0,-33.0,-7.0,-16.0,-9.0
50240,-22.0,-56.0,-5.0,2.0,3.0,-21.0
50280,-48.0,29.0,66.0,-12.0,-24.0,30.0
50320,-47.0,-46.0,-49.0,-2.0,-14.0,-47.0
50360,-56.0,-73.0,14.0,0.0,-3.0,-20.0
50400,-83.0,84.0,74.0,-13.0,-21.0,8.0
50440,-63.0,-125.0,-84.0,3.0,-1.0,-56.0
50480,-74.0,41.0,86.0,-4.0,-4.0,7.0
50520,-92.0,21.0,-1.0,-13.0,-22.0,-15.0
50560,-59.0,-65.0,-40.0,2.0,3.0,-52.0
50600,-88.0,41.0,76.0,-9.0,-10.0,15.0
50640,-89.0,12.0,1.0,-11.0,-15.0,-33.0
50680,-75.0,-66.0,-38.0,-4.0,4.0,-36.0
50720,-88.0,102.0,87.0,-18.0,-20.0,25.0
50760,-78.0,-67.0,-54.0,-7.0,-15.0,-43.0
50800,-68.0,-5.0,39.0,-3.0,-4.0,-14.0
50840,-97.0,49.0,30.0,-14.0,-30.0,12.0
50880,-71.0,-55.0,-61.0,6.0,-12.0,-46.0
50920,-71.0,-29.0,46.0,2.0,-11.0,-2.0
50960,-83.0,53.0,40.0,-2.0,-31.0,-10.0
51000,-53.0,-105.0,-94.0,16.0,-8.0,-48.0
51040,-65.0,29.0,71.0,11.0,-21.0,7.0
51080,-67.0,1.0,-12.0,17.0,-33.0,-33.0
51120,-47.0,-129.0,-54.0,25.0,-12.0,-45.0
51160,-72.0,104.0,79.0,17.0,-30.0,10.0
51200,-55.0,-102.0,-95.0,23.0,-28.0,-44.0
51240,-49.0,-29.0,11.0,28.0,-10.0,-31.0
51280,-76.0,23.0,39.0,13.0,-40.0,19.0
51320,-53.0,-54.0,-84.0,26.0,-22.0,-56.0
51360,-58.0,-31.0,24.0,19.0,-15.0,3.0
51400,-68.0,60.0,46.0,7.0,-34.0,7.0
51440,-36.0,-118.0,-74.0,19.0,-11.0,-33.0
51480,-46.0,52.0,108.0,7.0,-20.0,24.0
51520,-41.0,7.0,-6.0,6.0,-35.0,8.0
51560,-19.0,-88.0,-52.0,16.0,-9.0,-28.0
51600,-26.0,90.0,81.0,6.0,-26.0,49.0
51640,7.0,-22.0,-70.0,10.0,-26.0,-19.0
51680,28.0,-24.0,-38.0,13.0,-5.0,3.0
51720,6.0,90.0,58.0,2.0,-28.0,39.0
51760,6.0,-77.0,-130.0,16.0,-12.0,-30.0
51800,17.0,54.0,6.0,13.0,0.0,13.0
51840,21.0,71.0,-4.0,7.0,-23.0,32.0
51880,57.0,-42.0,-74.0,17.0,-4.0,-24.0
51920,39.0,64.0,45.0,12.0,-12.0,49.0
51960,21.0,42.0,-35.0,15.0,-20.0,12.0
52000,34.0,-59.0,-51.0,28.0,17.0,-7.0
52040,5.0,111.0,103.0,11.0,7.0,67.0
52080,-2.0,-30.0,-62.0,4.0,-1.0,5.0
52120,18.0,-5.0,11.0,3.0,15.0,17.0
52160,-7.0,54.0,38.0,-4.0,-13.0,60.0
52200,2.0,-40.0,-18.0,3.0,5.0,-9.0
52240,-17.0,-22.0,43.0,-4.0,22.0,38.0
52280,-35.0,108.0,38.0,-18.0,-1.0,46.0
52320,-4.0,-108.0,-67.0,-2.0,19.0,-4.0
52360,-23.0,71.0,78.0,-7.0,13.0,48.0
52400,-29.0,-22.0,-11.0,-15.0,-5.0,19.0
52440,-16.0,-8.0,-42.0,-6.0,23.0,-12.0
52480,-27.0,-6.0,33.0,-14.0,12.0,36.0
52520,-32.0,49.0,5.0,-13.0,9.0,-8.0
52560,-3.0,-118.0,-48.0,-3.0,34.0,-22.0
52600,-38.0,139.0,66.0,-16.0,10.0,40.0
52640,-9.0,-62.0,-76.0,-7.0,17.0,-28.0
52680,-21.0,1.0,35.0,-5.0,26.0,-4.0
52720,-36.0,86.0,59.0,-15.0,-3.0,31.0
52760,-17.0,-56.0,-79.0,-1.0,24.0,-38.0
52800,-30.0,17.0,61.0,-8.0,34.0,15.0
52840,-56.0,93.0,50.0,-18.0,16.0,3.0
52880,-43.0,-97.0,-69.0,-6.0,32.0,-31.0
52920,-64.0,120.0,105.0,-20.0,9.0,32.0
52960,-62.0,-1.0,-19.0,-21.0,-1.0,-17.0
53000,-57.0,-48.0,-9.0,-6.0,24.0,-25.0
53040,-96.0,129.0,75.0,-16.0,5.0,30.0
53080,-71.0,-38.0,-73.0,-8.0,12.0,-29.0
53120,-64.0,-1.0,15.0,-7.0,21.0,5.0
53160,-77.0,71.0,49.0,-23.0,-10.0,13.0
53200,-52.0,-60.0,-80.0,-6.0,3.0,-49.0
53240,-62.0,-10.0,31.0,-4.0,2.0,10.0
53280,-63.0,87.0,26.0,-7.0,-13.0,-11.0
53320,-19.0,-151.0,-89.0,4.0,8.0,-39.0
53360,-28.0,108.0,70.0,-7.0,-9.0,21.0
53400,-9.0,-63.0,-64.0,0.0,-22.0,-17.0
53440,15.0,-21.0,-39.0,12.0,2.0,-20.0
53480,11.0,8.0,37.0,2.0,-21.0,33.0
53520,26.0,19.0,-47.0,6.0,-16.0,-21.0
53560,54.0,-102.0,-59.0,8.0,0.0,3.0
53600,34.0,146.0,52.0,-7.0,-22.0,35.0
53640,57.0,-128.0,-136.0,2.0,-4.0,-26.0
53680,46.0,58.0,18.0,-5.0,-3.0,26.0
53720,46.0,22.0,-39.0,-12.0,-31.0,31.0
53760,73.0,-29.0,-105.0,-2.0,-10.0,-25.0
53800,59.0,8.0,5.0,-7.0,-20.0,38.0
53840,39.0,89.0,-43.0,-8.0,-24.0,5.0
53880,66.0,-144.0,-125.0,3.0,0.0,-18.0
53920,23.0,152.0,55.0,-10.0,-24.0,39.0
53960,42.0,-90.0,-103.0,-4.0,-32.0,-23.0
54000,36.0,-3.0,-18.0,0.0,-16.0,-15.0
54040,29.0,34.0,17.0,-4.0,-36.0,26.0
54080,22.0,-67.0,-82.0,7.0,-18.0,-48.0
54120,24.0,-25.0,30.0,8.0,-12.0,-1.0
54160,-11.0,58.0,5.0,-4.0,-34.0,8.0
54200,25.0,-107.0,-101.0,7.0,-9.0,-48.0
54240,2.0,24.0,63.0,-4.0,-17.0,11.0
54280,-6.0,-13.0,-24.0,-11.0,-28.0,-14.0
54320,9.0,-77.0,-63.0,-3.0,-9.0,-45.0
54360,-9.0,36.0,48.0,-15.0,-22.0,15.0
54400,-7.0,-26.0,-33.0,-16.0,-21.0,-43.0
54440,0.0,-77.0,-39.0,-13.0,-1.0,-25.0
54480,-24.0,84.0,69.0,-25.0,-21.0,7.0
54520,-13.0,-68.0,-81.0,-19.0,-13.0,-41.0
54560,-15.0,-18.0,38.0,-15.0,-9.0,-7.0
54600,-45.0,69.0,59.0,-26.0,-32.0,-1.0
54640,-21.0,-99.0,-50.0,-12.0,-11.0,-55.0
54680,-45.0,45.0,78.0,-16.0,-16.0,7.0
54720,-57.0,-3.0,47.0,-22.0,-36.0,-17.0
54760,-43.0,-47.0,-23.0,-11.0,-17.0,-41.0
54800,-61.0,-6.0,102.0,-20.0,-36.0,13.0
54840,-77.0,33.0,22.0,-14.0,-39.0,-29.0
54880,-66.0,-155.0,-12.0,-5.0,-17.0,-36.0
54920,-98.0,140.0,139.0,-18.0,-35.0,21.0
54960,-87.0,-166.0,-71.0,-12.0,-33.0,-50.0
55000,-82.0,32.0,94.0,-12.0,-24.0,-13.0
55040,-90.0,-22.0,61.0,-20.0,-50.0,7.0
55080,-82.0,-53.0,-28.0,-8.0,-31.0,-55.0
55120,-81.0,-45.0,88.0,-8.0,-32.0,2.0
55160,-85.0,55.0,70.0,-10.0,-53.0,0.0
55200,-44.0,-141.0,-39.0,2.0,-34.0,-45.0
55240,-67.0,90.0,141.0,-11.0,-45.0,25.0
55280,-50.0,-45.0,4.0,-2.0,-52.0,-22.0
55320,-33.0,-52.0,27.0,7.0,-27.0,-26.0
55360,-34.0,81.0,111.0,0.0,-48.0,27.0
55400,-18.0,-66.0,-26.0,3.0,-47.0,-31.0
55440,11.0,40.0,72.0,8.0,-36.0,-7.0
55480,-8.0,44.0,52.0,-1.0,-62.0,17.0
55520,24.0,28.0,2.0,11.0,-46.0,-31.0
55560,18.0,-56.0,56.0,8.0,-41.0,23.0
55600,-12.0,124.0,60.0,2.0,-62.0,24.0
55640,31.0,-110.0,-51.0,14.0,-40.0,-29.0
55680,22.0,142.0,69.0,9.0,-43.0,45.0
55720,45.0,-52.0,-35.0,6.0,-52.0,0.0
55760,46.0,30.0,9.0,14.0,-28.0,0.0
55800,13.0,-34.0,25.0,4.0,-49.0,34.0
55840,-17.0,77.0,-1.0,7.0,-49.0,-6.0
55880,13.0,-72.0,7.0,17.0,-29.0,1.0
55920,9.0,163.0,105.0,7.0,-48.0,55.0
55960,57.0,-79.0,-56.0,21.0,-37.0,-3.0
56000,42.0,41.0,83.0,23.0,-29.0,35.0
56040,16.0,67.0,52.0,14.0,-43.0,53.0
56080,23.0,-38.0,-51.0,23.0,-11.0,-9.0
56120,13.0,77.0,78.0,12.0,-13.0,61.0
56160,33.0,30.0,-19.0,4.0,-29.0,36.0
56200,71.0,-61.0,-44.0,19.0,-13.0,13.0
56240,48.0,89.0,68.0,5.0,-31.0,67.0
56280,53.0,-32.0,-54.0,8.0,-20.0,15.0
56320,47.0,-25.0,-23.0,9.0,15.0,36.0
56360,49.0,80.0,28.0,-4.0,-5.0,71.0
56400,84.0,-68.0,-92.0,5.0,-2.0,13.0
56440,85.0,-12.0,15.0,4.0,2.0,45.0
56480,55.0,48.0,5.0,-6.0,-17.0,40.0
56520,67.0,-105.0,-88.0,11.0,15.0,-24.0
56560,29.0,8.0,66.0,4.0,25.0,38.0
56600,26.0,30.0,12.0,-6.0,10.0,6.0
56640,40.0,-108.0,-73.0,6.0,32.0,-16.0
56680,13.0,107.0,79.0,-5.0,14.0,28.0
56720,-2.0,-33.0,-56.0,2.0,13.0,-27.0
56760,-5.0,-28.0,-9.0,8.0,40.0,-17.0
56800,-47.0,84.0,31.0,-8.0,19.0,20.0
56840,-36.0,-39.0,-91.0,-6.0,31.0,-50.0
56880,-37.0,18.0,-3.0,-10.0,45.0,-22.0
56920,-57.0,69.0,-9.0,-20.0,22.0,-6.0
56960,-45.0,-61.0,-101.0,-9.0,36.0,-67.0
57000,-63.0,27.0,16.0,-17.0,25.0,-2.0
57040,-75.0,33.0,-28.0,-19.0,1.0,-24.0
57080,-49.0,-48.0,-82.0,-8.0,27.0,-56.0
57120,-54.0,35.0,26.0,-6.0,25.0,2.0
57160,-31.0,23.0,-30.0,-2.0,23.0,-32.0
57200,-14.0,-130.0,-49.0,6.0,38.0,-39.0
57240,-51.0,92.0,87.0,-10.0,6.0,10.0
57280,-31.0,-89.0,-63.0,-2.0,9.0,-55.0
57320,-17.0,-48.0,10.0,4.0,26.0,-25.0
57360,-28.0,41.0,59.0,0.0,10.0,-1.0
57400,-1.0,-107.0,-77.0,9.0,31.0,-56.0
57440,-13.0,-5.0,11.0,2.0,28.0,2.0
57480,-25.0,29.0,-16.0,-9.0,4.0,-7.0
57520,5.0,-100.0,-112.0,2.0,25.0,-55.0
57560,0.0,36.0,8.0,-10.0,9.0,30.0
57600,10.0,25.0,-82.0,-9.0,2.0,-22.0
57640,32.0,-118.0,-126.0,-1.0,20.0,-26.0
57680,10.0,126.0,20.0,-15.0,1.0,23.0
57720,28.0,-61.0,-167.0,-7.0,4.0,-28.0
57760,45.0,-6.0,-59.0,-7.0,16.0,11.0
57800,29.0,87.0,-21.0,-17.0,-11.0,34.0
57840,69.0,-38.0,-121.0,1.0,0.0,-27.0
57880,68.0,9.0,-22.0,2.0,5.0,40.0
57920,57.0,119.0,-10.0,0.0,-9.0,30.0
57960,83.0,-122.0,-111.0,13.0,12.0,-3.0
58000,55.0,125.0,70.0,-2.0,1.0,57.0
58040,54.0,-21.0,-75.0,-1.0,-15.0,19.0
58080,68.0,-6.0,-57.0,9.0,7.0,8.0
58120,55.0,31.0,43.0,-1.0,-10.0,48.0
58160,39.0,22.0,-70.0,2.0,-4.0,7.0
58200,42.0,-70.0,-72.0,3.0,11.0,14.0
58240,1.0,111.0,53.0,-12.0,-13.0,34.0
58280,13.0,-67.0,-132.0,-3.0,0.0,-13.0
58320,9.0,3.0,1.0,-8.0,3.0,11.0
58360,-14.0,73.0,2.0,-14.0,-20.0,24.0
58400,12.0,-92.0,-85.0,-7.0,-6.0,-36.0
58440,-16.0,51.0,51.0,-14.0,-16.0,26.0
58480,-26.0,44.0,-7.0,-14.0,-27.0,-11.0
58520,-17.0,-95.0,-66.0,-5.0,-2.0,-29.0
58560,-31.0,121.0,108.0,-12.0,-17.0,27.0
58600,-23.0,-55.0,-53.0,-9.0,-23.0,-13.0
58640,-9.0,4.0,40.0,-6.0,-11.0,-10.0
58680,-48.0,36.0,71.0,-16.0,-32.0,22.0
58720,-41.0,-2.0,-16.0,-6.0,-15.0,-34.0
58760,-45.0,-49.0,20.0,-1.0,-9.0,4.0
58800,-73.0,108.0,82.0,-15.0,-32.0,16.0
58840,-50.0,-92.0,-74.0,-7.0,-21.0,-48.0
58880,-63.0,52.0,85.0,-10.0,-26.0,20.0
58920,-97.0,8.0,-4.0,-9.0,-37.0,-16.0
58960,-83.0,-31.0,-34.0,-1.0,-15.0,-43.0
59000,-101.0,14.0,70.0,-8.0,-32.0,17.0
59040,-109.0,42.0,-6.0,-5.0,-41.0,-35.0
59080,-94.0,-105.0,-26.0,6.0,-26.0,-54.0
59120,-127.0,154.0,111.0,-3.0,-51.0,13.0
59160,-114.0,-133.0,-59.0,10.0,-49.0,-56.0
59200,-128.0,64.0,80.0,13.0,-41.0,-15.0
59240,-133.0,1.0,57.0,0.0,-68.0,-6.0
59280,-116.0,4.0,-5.0,11.0,-57.0,-48.0
59320,-114.0,-30.0,67.0,15.0,-57.0,-2.0
59360,-132.0,67.0,81.0,4.0,-80.0,-5.0
59400,-95.0,-98.0,-30.0,14.0,-62.0,-41.0
59440,-113.0,41.0,99.0,5.0,-78.0,30.0
59480,-102.0,-4.0,24.0,3.0,-86.0,-25.0
59520,-81.0,-91.0,-17.0,12.0,-67.0,-23.0
59560,-98.0,21.0,98.0,2.0,-82.0,26.0
59600,-92.0,14.0,-19.0,9.0,-85.0,-28.0
59640,-39.0,-83.0,54.0,13.0,-75.0,-8.0
59680,-63.0,47.0,98.0,8.0,-100.0,41.0
59720,-86.0,-187.0,-130.0,22.0,-84.0,-53.0
59760,-46.0,72.0,174.0,18.0,-76.0,13.0
59800,-26.0,52.0,-35.0,19.0,-98.0,19.0
59840,21.0,-152.0,-80.0,26.0,-76.0,-40.0
59880,-40.0,90.0,162.0,19.0,-82.0,12.0
59920,-38.0,-126.0,-58.0,33.0,-91.0,-10.0
59960,-43.0,50.0,-15.0,40.0,-68.0,-18.0
60000,-34.0,49.0,78.0,20.0,-90.0,20.0
60040,20.0,-17.0,21.0,21.0,-94.0,0.0
60080,16.0,-47.0,-48.0,32.0,-76.0,17.0
60120,-41.0,22.0,30.0,21.0,-84.0,-5.0
60160,-35.0,7.0,17.0,20.0,-60.0,-2.0
60200,-19.0,-43.0,-49.0,17.0,-49.0,29.0
60240,-32.0,46.0,13.0,0.0,-80.0,22.0
60280,2.0,-84.0,-35.0,4.0,-67.0,-41.0
60320,9.0,-13.0,21.0,10.0,-74.0,46.0
60360,-17.0,75.0,-1.0,10.0,-74.0,7.0
60400,7.0,-117.0,-67.0,10.0,-35.0,-32.0
60440,5.0,66.0,85.0,0.0,-40.0,38.0
60480,26.0,-22.0,-70.0,15.0,-48.0,-11.0
60520,43.0,-65.0,7.0,16.0,-30.0,-13.0
60560,29.0,128.0,86.0,-5.0,-51.0,43.0
60600,55.0,-105.0,-98.0,12.0,-29.0,-57.0
60640,32.0,-14.0,24.0,19.0,-15.0,16.0
60680,0.0,37.0,52.0,0.0,-31.0,11.0
60720,20.0,-53.0,-76.0,3.0,-3.0,-43.0
60760,9.0,-3.0,1.0,-8.0,-2.0,27.0
60800,-18.0,34.0,-11.0,-11.0,-14.0,-1.0
60840,-14.0,-124.0,-45.0,-3.0,9.0,-50.0
60880,-47.0,61.0,67.0,-15.0,-4.0,45.0
60920,-53.0,-67.0,-72.0,-11.0,4.0,-30.0
60960,-58.0,-23.0,9.0,-12.0,33.0,-43.0
61000,-86.0,24.0,47.0,-24.0,7.0,14.0
61040,-57.0,-37.0,-45.0,-8.0,0.0,-13.0
61080,-62.0,-65.0,23.0,-8.0,10.0,-24.0
61120,-83.0,95.0,107.0,-23.0,3.0,-11.0
61160,-92.0,-91.0,-72.0,-6.0,37.0,-32.0
61200,-93.0,70.0,91.0,-6.0,53.0,19.0
61240,-86.0,41.0,50.0,-14.0,36.0,1.0
61280,-58.0,-29.0,-37.0,-9.0,49.0,-16.0
61320,-79.0,74.0,70.0,-14.0,33.0,23.0
61360,-99.0,38.0,-22.0,-13.0,34.0,-4.0
61400,-75.0,-67.0,-3.0,-9.0,63.0,-8.0
61440,-107.0,122.0,58.0,-23.0,51.0,32.0
61480,-65.0,-41.0,-79.0,-19.0,64.0,-18.0
61520,-75.0,2.0,-4.0,-19.0,73.0,25.0
61560,-92.0,74.0,35.0,-26.0,51.0,26.0
61600,-79.0,-52.0,-76.0,-19.0,68.0,-19.0
61640,-62.0,12.0,26.0,-21.0,62.0,42.0
61680,-72.0,68.0,10.0,-23.0,38.0,31.0
61720,-41.0,-76.0,-44.0,-14.0,61.0,-23.0
61760,-57.0,55.0,56.0,-16.0,52.0,49.0
61800,-52.0,7.0,-21.0,-12.0,50.0,1.0
61840,-33.0,-49.0,-30.0,-5.0,67.0,-3.0
61880,-43.0,54.0,84.0,-17.0,34.0,58.0
61920,-34.0,19.0,-46.0,-8.0,28.0,-13.0
61960,-12.0,-59.0,-28.0,3.0,42.0,3.0
62000,-33.0,106.0,72.0,-2.0,27.0,40.0
62040,-13.0,-68.0,-95.0,5.0,38.0,-27.0
62080,-22.0,36.0,10.0,0.0,29.0,24.0
62120,-36.0,49.0,-5.0,-12.0,2.0,7.0
62160,-13.0,-84.0,-92.0,1.0,17.0,-47.0
62200,-32.0,47.0,12.0,-2.0,6.0,9.0
62240,-41.0,19.0,-51.0,3.0,-6.0,-37.0
62280,-23.0,-59.0,-79.0,14.0,8.0,-54.0
62320,-42.0,51.0,28.0,1.0,-18.0,-11.0
62360,-34.0,-19.0,-80.0,7.0,-21.0,-57.0
62400,-30.0,-47.0,-36.0,16.0,-8.0,-46.0
62440,-62.0,88.0,26.0,7.0,-24.0,-27.0
62480,-42.0,-73.0,-85.0,24.0,-17.0,-75.0
62520,-40.0,2.0,8.0,24.0,-17.0,-30.0
62560,-57.0,27.0,14.0,8.0,-42.0,-33.0
62600,-39.0,-25.0,-43.0,16.0,-28.0,-58.0
62640,-49.0,-18.0,18.0,5.0,-39.0,-5.0
62680,-57.0,58.0,28.0,-2.0,-56.0,-7.0
62720,-41.0,-96.0,-49.0,5.0,-36.0,-38.0
62760,-61.0,66.0,81.0,-7.0,-44.0,22.0
62800,-77.0,-39.0,-34.0,-4.0,-38.0,-28.0
62840,-70.0,-33.0,1.0,2.0,-26.0,-13.0
62880,-96.0,18.0,70.0,-9.0,-52.0,25.0
62920,-89.0,-17.0,-28.0,-7.0,-50.0,-33.0
62960,-79.0,-95.0,47.0,-8.0,-49.0,2.0
63000,-120.0,99.0,99.0,-16.0,-65.0,19.0
63040,-99.0,-130.0,-59.0,-1.0,-44.0,-37.0
63080,-112.0,45.0,137.0,-5.0,-47.0,28.0
63120,-126.0,6.0,32.0,-5.0,-61.0,2.0
63160,-107.0,-68.0,-11.0,6.0,-40.0,-29.0
63200,-123.0,69.0,128.0,2.0,-55.0,28.0
63240,-130.0,-40.0,7.0,1.0,-57.0,-8.0
63280,-116.0,17.0,46.0,6.0,-35.0,-8.0
63320,-125.0,44.0,84.0,-7.0,-55.0,33.0
63360,-107.0,15.0,-5.0,-1.0,-49.0,-11.0
63400,-97.0,-19.0,42.0,-3.0,-38.0,19.0
63440,-115.0,115.0,81.0,-12.0,-51.0,23.0
63480,-84.0,-62.0,-60.0,-4.0,-32.0,-12.0
63520,-87.0,56.0,66.0,-4.0,-34.0,30.0
63560,-82.0,18.0,30.0,-6.0,-53.0,14.0
63600,-59.0,-1.0,-39.0,4.0,-37.0,-19.0
63640,-60.0,-17.0,54.0,3.0,-45.0,33.0
63680,-70.0,55.0,29.0,4.0,-44.0,-9.0
63720,-39.0,-108.0,-25.0,20.0,-24.0,-17.0
63760,-71.0,76.0,99.0,14.0,-40.0,26.0
63800,-59.0,-86.0,-65.0,25.0,-38.0,-27.0
63840,-58.0,-113.0,-15.0,31.0,-27.0,-18.0
63880,-36.0,97.0,99.0,22.0,-52.0,10.0
63920,2.0,-121.0,-116.0,34.0,-41.0,-49.0
63960,11.0,-15.0,56.0,26.0,-38.0,1.0
64000,-37.0,-18.0,1.0,19.0,-48.0,-13.0
64040,-21.0,-126.0,-117.0,34.0,-23.0,-46.0
64080,-28.0,43.0,17.0,18.0,-33.0,15.0
64120,-4.0,-11.0,-65.0,9.0,-50.0,-20.0
64160,50.0,-64.0,-39.0,16.0,-35.0,-28.0
64200,27.0,29.0,-1.0,12.0,-53.0,27.0
64240,37.0,-24.0,-68.0,21.0,-40.0,-44.0
64280,60.0,3.0,13.0,19.0,-18.0,20.0
64320,52.0,89.0,-1.0,5.0,-39.0,46.0
64360,79.0,-44.0,-81.0,8.0,-37.0,1.0
64400,81.0,40.0,28.0,3.0,-39.0,30.0
64440,72.0,26.0,-38.0,8.0,-52.0,39.0
64480,66.0,-1.0,-71.0,19.0,-18.0,-7.0
64520,64.0,13.0,21.0,7.0,-18.0,24.0
64560,71.0,72.0,-17.0,-1.0,-35.0,26.0
64600,106.0,-61.0,-86.0,11.0,-25.0,-2.0
64640,91.0,132.0,69.0,-3.0,-47.0,46.0
64680,105.0,-11.0,-75.0,1.0,-38.0,5.0
64720,88.0,-26.0,-27.0,11.0,-10.0,-5.0
64760,50.0,71.0,39.0,0.0,-27.0,48.0
64800,65.0,-16.0,-77.0,0.0,-13.0,-26.0
64840,82.0,-25.0,-5.0,-9.0,-6.0,14.0
64880,67.0,87.0,27.0,-18.0,-26.0,16.0
64920,92.0,-90.0,-80.0,-7.0,-8.0,-24.0
64960,72.0,41.0,96.0,-20.0,-17.0,42.0
65000,56.0,37.0,16.0,-28.0,-29.0,22.0
65040,80.0,-83.0,-33.0,-21.0,5.0,-10.0
65080,54.0,79.0,78.0,-29.0,0.0,52.0
65120,51.0,-34.0,-15.0,-23.0,-1.0,-1.0
65160,56.0,-55.0,18.0,-17.0,8.0,27.0
65200,32.0,74.0,84.0,-37.0,-17.0,29.0
65240,45.0,-70.0,-42.0,-26.0,0.0,-19.0
65280,42.0,7.0,43.0,-19.0,16.0,16.0
65320,39.0,49.0,61.0,-28.0,2.0,27.0
65360,67.0,-6.0,-33.0,-24.0,18.0,-19.0
65400,60.0,-19.0,20.0,-31.0,9.0,24.0
65440,28.0,93.0,20.0,-29.0,-2.0,0.0
65480,48.0,-95.0,-97.0,-13.0,27.0,-30.0
65520,30.0,83.0,52.0,-21.0,19.0,29.0
65560,57.0,22.0,-55.0,-17.0,20.0,-23.0
65600,83.0,-73.0,-63.0,-13.0,31.0,-21.0
65640,64.0,104.0,55.0,-25.0,6.0,33.0
65680,74.0,-55.0,-98.0,-19.0,15.0,-28.0
65720,97.0,11.0,1.0,-20.0,32.0,16.0
65760,88.0,47.0,9.0,-25.0,12.0,33.0
65800,117.0,-37.0,-88.0,-9.0,27.0,-11.0
65840,106.0,-15.0,7.0,-9.0,24.0,29.0
65880,97.0,107.0,-13.0,-13.0,11.0,24.0
65920,139.0,-118.0,-108.0,-1.0,36.0,-11.0
65960,131.0,90.0,73.0,-20.0,18.0,60.0
66000,145.0,-18.0,-36.0,-21.0,4.0,15.0
66040,156.0,-37.0,-48.0,-13.0,23.0,8.0
66080,149.0,101.0,44.0,-19.0,15.0,43.0
66120,151.0,-46.0,-80.0,-6.0,32.0,-2.0
66160,157.0,32.0,-15.0,0.0,41.0,19.0
66200,120.0,39.0,-10.0,-15.0,13.0,40.0
66240,142.0,31.0,-74.0,-4.0,24.0,-11.0
66280,139.0,-61.0,-35.0,-8.0,24.0,27.0
66320,121.0,171.0,25.0,-9.0,12.0,27.0
66360,152.0,-124.0,-139.0,2.0,29.0,-10.0
66400,130.0,122.0,69.0,-10.0,14.0,53.0
66440,119.0,8.0,-62.0,-11.0,5.0,4.0
66480,125.0,-12.0,-66.0,0.0,31.0,2.0
66520,98.0,106.0,39.0,-5.0,16.0,52.0
66560,91.0,13.0,-75.0,3.0,18.0,3.0
66600,110.0,2.0,-31.0,11.0,26.0,22.0
66640,77.0,99.0,41.0,-8.0,2.0,57.0
66680,91.0,-5.0,-85.0,-3.0,22.0,-2.0
66720,75.0,9.0,16.0,-4.0,24.0,43.0
66760,52.0,122.0,22.0,-10.0,5.0,40.0
66800,73.0,-93.0,-92.0,5.0,20.0,-5.0
66840,42.0,109.0,66.0,-2.0,9.0,47.0
66880,21.0,-3.0,-39.0,-2.0,3.0,10.0
66920,19.0,-9.0,-42.0,10.0,27.0,0.0
66960,-4.0,38.0,57.0,1.0,7.0,53.0
67000,-11.0,25.0,-32.0,4.0,2.0,1.0
67040,6.0,-87.0,-8.0,9.0,10.0,4.0
67080,-43.0,112.0,90.0,-2.0,-7.0,38.0
67120,-30.0,-123.0,-60.0,11.0,9.0,-29.0
67160,-50.0,34.0,74.0,8.0,18.0,7.0
67200,-73.0,-11.0,36.0,2.0,-6.0,14.0
67240,-66.0,-40.0,-25.0,12.0,9.0,-42.0
67280,-72.0,-19.0,73.0,3.0,2.0,12.0
67320,-90.0,24.0,41.0,-1.0,-6.0,-18.0
67360,-68.0,-89.0,-29.0,14.0,17.0,-36.0
67400,-86.0,47.0,93.0,3.0,2.0,1.0
67440,-73.0,-27.0,-7.0,3.0,-3.0,-39.0
67480,-70.0,-79.0,-5.0,10.0,15.0,-48.0
67520,-89.0,75.0,94.0,-1.0,-3.0,-3.0
67560,-71.0,-80.0,-45.0,8.0,4.0,-71.0
67600,-66.0,3.0,38.0,16.0,10.0,-24.0
67640,-77.0,26.0,59.0,13.0,-14.0,-27.0
67680,-44.0,-40.0,-32.0,25.0,2.0,-66.0
67720,-56.0,-50.0,58.0,19.0,2.0,-19.0
67760,-71.0,79.0,50.0,14.0,-9.0,-29.0
67800,-38.0,-181.0,-56.0,29.0,9.0,-66.0
67840,-68.0,93.0,116.0,21.0,-8.0,-4.0
67880,-51.0,-98.0,-17.0,23.0,-16.0,-60.0
67920,-46.0,-33.0,9.0,32.0,4.0,-47.0
67960,-41.0,-17.0,104.0,22.0,-18.0,-9.0
68000,-38.0,-48.0,-6.0,29.0,-13.0,-50.0
68040,-13.0,-65.0,26.0,28.0,-5.0,-23.0
68080,-29.0,46.0,61.0,16.0,-29.0,10.0
68120,2.0,-105.0,-46.0,24.0,-11.0,-51.0
68160,-9.0,-29.0,58.0,18.0,-11.0,3.0
68200,-17.0,15.0,19.0,11.0,-29.0,-8.0
68240,8.0,-104.0,-54.0,20.0,-11.0,-46.0
68280,7.0,46.0,85.0,8.0,-22.0,22.0
68320,24.0,-39.0,-18.0,5.0,-31.0,-10.0
68360,50.0,-51.0,11.0,15.0,-18.0,-7.0
68400,36.0,60.0,67.0,7.0,-37.0,45.0
68440,41.0,-44.0,-40.0,13.0,-32.0,-7.0
68480,46.0,-10.0,34.0,14.0,-14.0,20.0
68520,36.0,52.0,37.0,3.0,-33.0,40.0
68560,52.0,-56.0,-50.0,11.0,-17.0,-3.0
68600,47.0,41.0,54.0,8.0,-19.0,30.0
68640,38.0,29.0,23.0,-2.0,-42.0,32.0
68680,56.0,-1.0,-35.0,7.0,-22.0,2.0
68720,47.0,31.0,63.0,-1.0,-29.0,55.0
68760,47.0,98.0,9.0,-1.0,-38.0,34.0
68800,71.0,-61.0,-34.0,5.0,-15.0,16.0
68840,28.0,118.0,90.0,-8.0,-30.0,70.0
68880,34.0,-2.0,-23.0,-2.0,-24.0,10.0
68920,35.0,-25.0,13.0,-2.0,-7.0,24.0
68960,12.0,115.0,90.0,-18.0,-31.0,57.0
69000,39.0,-73.0,-21.0,-14.0,-21.0,2.0
69040,29.0,17.0,78.0,-18.0,-22.0,45.0
69080,12.0,54.0,76.0,-24.0,-43.0,36.0
69120,9.0,-71.0,-20.0,-11.0,-18.0,-4.0
69160,-2.0,39.0,110.0,-20.0,-24.0,54.0
69200,-22.0,14.0,27.0,-23.0,-31.0,10.0
69240,0.0,-63.0,-15.0,-13.0,-11.0,-8.0
69280,-29.0,35.0,79.0,-24.0,-33.0,35.0
69320,-11.0,62.0,-15.0,-21.0,-31.0,-18.0
69360,17.0,-114.0,-41.0,-16.0,-16.0,1.0
69400,-14.0,170.0,106.0,-30.0,-39.0,31.0
69440,9.0,-98.0,-101.0,-17.0,-27.0,-31.0
69480,-12.0,74.0,30.0,-17.0,-12.0,19.0
69520,-14.0,75.0,-2.0,-23.0,-29.0,16.0
69560,2.0,-47.0,-87.0,-10.0,-10.0,-16.0
69600,7.0,71.0,47.0,-19.0,-23.0,32.0
69640,-2.0,39.0,-32.0,-17.0,-42.0,8.0
69680,16.0,-61.0,-81.0,-6.0,-19.0,-13.0
69720,8.0,85.0,91.0,-19.0,-33.0,41.0
69760,18.0,-7.0,-65.0,-13.0,-34.0,2.0
69800,39.0,-60.0,-32.0,-9.0,-23.0,6.0
69840,8.0,135.0,63.0,-18.0,-49.0,43.0
69880,40.0,-106.0,-96.0,-3.0,-39.0,-11.0
69920,28.0,61.0,2.0,1.0,-30.0,22.0
69960,27.0,25.0,-11.0,-4.0,-53.0,25.0
70000,53.0,-13.0,-89.0,6.0,-35.0,-16.0
70040,60.0,14.0,-29.0,-3.0,-44.0,43.0
70080,58.0,70.0,-38.0,-11.0,-55.0,10.0
70120,89.0,-65.0,-115.0,-3.0,-32.0,-5.0
70160,74.0,66.0,-4.0,-8.0,-46.0,41.0
70200,76.0,53.0,-89.0,-3.0,-48.0,10.0
70240,99.0,-106.0,-108.0,0.0,-31.0,-2.0
70280,74.0,161.0,35.0,-11.0,-53.0,59.0
70320,96.0,-117.0,-164.0,-2.0,-47.0,-15.0
70360,93.0,51.0,-19.0,-4.0,-43.0,38.0
70400,70.0,-8.0,-31.0,-10.0,-67.0,35.0
70440,81.0,-19.0,-84.0,-4.0,-46.0,-12.0
70480,73.0,-46.0,5.0,-3.0,-45.0,29.0
70520,49.0,103.0,-11.0,-7.0,-52.0,21.0
70560,67.0,-148.0,-97.0,7.0,-34.0,-27.0
70600,23.0,135.0,85.0,2.0,-54.0,44.0
70640,18.0,-70.0,-73.0,4.0,-57.0,-18.0
70680,9.0,51.0,-22.0,9.0,-36.0,-8.0
70720,-3.0,-3.0,38.0,-1.0,-43.0,23.0
70760,-17.0,75.0,-47.0,-1.0,-31.0,-24.0
70800,-4.0,-95.0,-45.0,2.0,-26.0,-10.0
70840,-55.0,186.0,57.0,-11.0,-52.0,16.0
70880,-27.0,-144.0,-131.0,-3.0,-43.0,-44.0
70920,-63.0,117.0,58.0,-7.0,-41.0,7.0
70960,-71.0,-32.0,-39.0,-12.0,-50.0,-18.0
71000,-60.0,7.0,-40.0,0.0,-31.0,-29.0
71040,-72.0,-4.0,27.0,-6.0,-45.0,12.0
71080,-89.0,51.0,21.0,-10.0,-59.0,-19.0
71120,-70.0,-90.0,-46.0,3.0,-42.0,-22.0
71160,-102.0,71.0,99.0,-8.0,-58.0,19.0
71200,-106.0,-47.0,-20.0,0.0,-49.0,-37.0
71240,-105.0,-46.0,40.0,7.0,-36.0,-15.0
71280,-144.0,51.0,81.0,4.0,-58.0,0.0
71320,-139.0,-57.0,-25.0,13.0,-46.0,-52.0
71360,-148.0,-25.0,73.0,9.0,-42.0,-2.0
71400,-175.0,81.0,68.0,-1.0,-60.0,6.0
71440,-156.0,-144.0,-51.0,7.0,-38.0,-46.0
71480,-186.0,101.0,141.0,3.0,-44.0,17.0
71520,-189.0,-41.0,-39.0,6.0,-55.0,-27.0
71560,-167.0,-20.0,20.0,16.0,-38.0,-27.0
71600,-193.0,34.0,86.0,6.0,-63.0,18.0
71640,-173.0,-21.0,15.0,5.0,-68.0,-17.0
71680,-167.0,-31.0,21.0,10.0,-52.0,-7.0
71720,-175.0,84.0,111.0,5.0,-66.0,34.0
71760,-146.0,-24.0,-9.0,20.0,-47.0,-20.0
71800,-143.0,-14.0,66.0,23.0,-45.0,25.0
71840,-161.0,70.0,72.0,18.0,-68.0,19.0
71880,-138.0,-100.0,-39.0,28.0,-52.0,-23.0
71920,-142.0,62.0,97.0,22.0,-56.0,25.0
71960,-144.0,-4.0,15.0,23.0,-65.0,5.0
72000,-113.0,-37.0,4.0,37.0,-40.0,-31.0
72040,-137.0,58.0,86.0,28.0,-57.0,40.0
72080,-128.0,0.0,1.0,33.0,-55.0,-16.0
72120,-117.0,-38.0,13.0,41.0,-33.0,-4.0
72160,-137.0,100.0,76.0,28.0,-51.0,30.0
72200,-114.0,-56.0,-39.0,33.0,-45.0,-15.0
72240,-127.0,14.0,37.0,27.0,-43.0,21.0
72280,-123.0,69.0,54.0,17.0,-66.0,22.0
72320,-107.0,-45.0,-56.0,28.0,-40.0,-24.0
72360,-102.0,31.0,63.0,22.0,-33.0,33.0
72400,-124.0,57.0,28.0,11.0,-45.0,21.0
72440,-86.0,-70.0,-50.0,22.0,-30.0,0.0
72480,-96.0,99.0,79.0,10.0,-49.0,58.0
72520,-84.0,-17.0,-42.0,14.0,-50.0,13.0
72560,-86.0,-41.0,-9.0,22.0,-21.0,-4.0
72600,-110.0,89.0,60.0,10.0,-34.0,53.0
72640,-83.0,-51.0,-84.0,16.0,-22.0,-20.0
72680,-80.0,-9.0,22.0,15.0,-15.0,26.0
72720,-78.0,92.0,36.0,8.0,-40.0,23.0
72760,-58.0,-95.0,-103.0,21.0,-24.0,-18.0
72800,-77.0,72.0,44.0,11.0,-20.0,32.0
72840,-84.0,10.0,-29.0,9.0,-36.0,17.0
72880,-60.0,-43.0,-66.0,16.0,-9.0,-24.0
72920,-77.0,45.0,28.0,7.0,-23.0,30.0
72960,-84.0,12.0,-41.0,5.0,-26.0,-13.0
73000,-71.0,-84.0,-38.0,6.0,-7.0,-18.0
73040,-105.0,85.0,53.0,-9.0,-30.0,24.0
73080,-80.0,-72.0,-81.0,-4.0,-27.0,-29.0
73120,-89.0,-10.0,11.0,-2.0,-14.0,-14.0
73160,-94.0,41.0,27.0,-12.0,-36.0,12.0
73200,-108.0,-91.0,-80.0,-4.0,-18.0,-51.0
73240,-114.0,13.0,39.0,-11.0,-19.0,-1.0
73280,-143.0,-1.0,-22.0,-19.0,-41.0,-19.0
73320,-112.0,-72.0,-51.0,-7.0,-21.0,-56.0
73360,-140.0,-12.0,25.0,-16.0,-35.0,-13.0
73400,-134.0,17.0,-23.0,-16.0,-42.0,-39.0
73440,-122.0,-123.0,-83.0,-6.0,-23.0,-65.0
73480,-135.0,94.0,59.0,-19.0,-41.0,3.0
73520,-121.0,-78.0,-103.0,-17.0,-40.0,-71.0
73560,-101.0,-28.0,-8.0,-12.0,-28.0,-26.0
73600,-124.0,43.0,2.0,-15.0,-49.0,-20.0
73640,-92.0,-55.0,-94.0,-5.0,-34.0,-52.0
73680,-93.0,-38.0,-3.0,-6.0,-34.0,-14.0
73720,-96.0,76.0,15.0,-19.0,-55.0,3.0
73760,-59.0,-152.0,-109.0,-10.0,-36.0,-55.0
73800,-71.0,82.0,59.0,-20.0,-46.0,28.0
73840,-61.0,-66.0,-39.0,-18.0,-56.0,-25.0
73880,-49.0,-32.0,-52.0,-9.0,-36.0,-14.0
73920,-56.0,1.0,41.0,-18.0,-58.0,21.0
73960,-51.0,17.0,-65.0,-15.0,-55.0,-17.0
74000,-30.0,-119.0,-50.0,-8.0,-42.0,-7.0
74040,-60.0,125.0,47.0,-24.0,-59.0,31.0
74080,-17.0,-117.0,-112.0,-15.0,-51.0,-34.0
74120,-25.0,12.0,-4.0,-20.0,-52.0,24.0
74160,-17.0,83.0,1.0,-26.0,-75.0,4.0
74200,15.0,-126.0,-139.0,-13.0,-54.0,-25.0
74240,5.0,112.0,39.0,-18.0,-57.0,24.0
74280,6.0,-22.0,-82.0,-21.0,-67.0,4.0
74320,33.0,-1.0,-67.0,-10.0,-45.0,-20.0
74360,21.0,44.0,5.0,-21.0,-67.0,43.0
74400,31.0,30.0,-50.0,-21.0,-68.0,-12.0
74440,41.0,-72.0,-49.0,-15.0,-52.0,3.0
74480,8.0,126.0,45.0,-26.0,-73.0,28.0
74520,28.0,-75.0,-88.0,-15.0,-59.0,-20.0
74560,17.0,16.0,28.0,-17.0,-57.0,12.0
74600,-4.0,50.0,29.0,-23.0,-80.0,21.0
74640,-1.0,-51.0,-77.0,-14.0,-64.0,-36.0
74680,-18.0,17.0,66.0,-17.0,-72.0,26.0
74720,-51.0,51.0,25.0,-21.0,-82.0,1.0
74760,-35.0,-78.0,-54.0,-9.0,-59.0,-32.0
74800,-66.0,70.0,97.0,-15.0,-72.0,22.0
74840,-71.0,10.0,-25.0,-15.0,-72.0,-20.0
74880,-69.0,-92.0,-15.0,-8.0,-60.0,-30.0
74920,-104.0,150.0,97.0,-16.0,-86.0,18.0
74960,-83.0,-134.0,-79.0,-7.0,-81.0,-45.0
75000,-99.0,74.0,66.0,-4.0,-76.0,-6.0
75040,-112.0,-36.0,56.0,-15.0,-95.0,2.0
75080,-119.0,12.0,-29.0,-8.0,-80.0,-37.0
75120,-117.0,-84.0,67.0,-11.0,-87.0,8.0
75160,-153.0,128.0,63.0,-14.0,-103.0,-2.0
75200,-113.0,-215.0,-65.0,2.0,-87.0,-44.0
75240,-159.0,159.0,154.0,-7.0,-106.0,28.0
75280,-153.0,-136.0,-44.0,-5.0,-109.0,-27.0
75320,-160.0,16.0,55.0,1.0,-94.0,-20.0
75360,-183.0,-25.0,79.0,-7.0,-111.0,16.0
75400,-189.0,-2.0,1.0,-1.0,-105.0,-37.0
75440,-172.0,-81.0,43.0,8.0,-97.0,-1.0
75480,-212.0,108.0,87.0,0.0,-120.0,5.0
75520,-182.0,-123.0,-23.0,10.0,-112.0,-39.0
75560,-208.0,55.0,112.0,6.0,-112.0,13.0
75600,-204.0,-7.0,45.0,2.0,-127.0,0.0
75640,-195.0,-37.0,10.0,14.0,-108.0,-37.0
75680,-191.0,26.0,115.0,11.0,-119.0,26.0
75720,-200.0,13.0,34.0,9.0,-130.0,-4.0
75760,-162.0,-57.0,24.0,17.0,-114.0,-15.0
75800,-190.0,65.0,113.0,6.0,-135.0,37.0
75840,-162.0,-23.0,-19.0,15.0,-131.0,-12.0
75880,-163.0,-73.0,28.0,21.0,-115.0,-4.0
75920,-172.0,101.0,120.0,7.0,-137.0,45.0
75960,-135.0,-95.0,-54.0,24.0,-122.0,-40.0
76000,-129.0,17.0,78.0,25.0,-117.0,25.0
76040,-138.0,31.0,59.0,21.0,-131.0,5.0
76080,-95.0,-84.0,-7.0,33.0,-110.0,-11.0
76120,-106.0,52.0,120.0,26.0,-119.0,31.0
76160,-97.0,41.0,8.0,24.0,-131.0,4.0
76200,-59.0,-86.0,-20.0,40.0,-101.0,-18.0
76240,-75.0,96.0,97.0,31.0,-109.0,49.0
76280,-62.0,-79.0,-22.0,32.0,-104.0,-26.0
76320,-62.0,26.0,2.0,32.0,-93.0,7.0
76360,-67.0,29.0,49.0,20.0,-116.0,20.0
76400,-50.0,-11.0,-43.0,31.0,-101.0,-18.0
76440,-41.0,-34.0,37.0,32.0,-87.0,0.0
76480,-59.0,106.0,23.0,20.0,-104.0,29.0
76520,-22.0,-102.0,-63.0,30.0,-85.0,-17.0
76560,-42.0,84.0,74.0,20.0,-90.0,40.0
76600,-24.0,34.0,4.0,19.0,-99.0,-2.0
76640,-12.0,-60.0,-54.0,30.0,-71.0,-8.0
76680,-34.0,96.0,68.0,21.0,-77.0,37.0
76720,-34.0,-50.0,-80.0,21.0,-73.0,-6.0
76760,-24.0,-16.0,-17.0,21.0,-54.0,-8.0
76800,-40.0,65.0,7.0,10.0,-72.0,44.0
76840,-5.0,-30.0,-101.0,18.0,-51.0,-25.0
76880,-1.0,-30.0,-16.0,19.0,-39.0,11.0
76920,-6.0,107.0,17.0,9.0,-63.0,22.0
76960,20.0,-114.0,-128.0,24.0,-41.0,-20.0
77000,-7.0,88.0,33.0,18.0,-40.0,14.0
77040,-5.0,-25.0,-40.0,9.0,-42.0,4.0
77080,-11.0,-50.0,-88.0,13.0,-8.0,-28.0
77120,-28.0,7.0,39.0,-2.0,-24.0,27.0
77160,-29.0,6.0,-33.0,-3.0,-40.0,-11.0
77200,-10.0,-146.0,-33.0,3.0,-28.0,-32.0
77240,-52.0,137.0,92.0,-10.0,-43.0,18.0
77280,-29.0,-131.0,-91.0,4.0,-17.0,-43.0
77320,-64.0,-14.0,38.0,-2.0,6.0,-6.0
77360,-79.0,38.0,35.0,-18.0,-17.0,16.0
77400,-66.0,-90.0,-102.0,-13.0,-10.0,-42.0
77440,-66.0,2.0,34.0,-19.0,-16.0,0.0
77480,-76.0,45.0,18.0,-22.0,-30.0,-24.0
77520,-53.0,-159.0,-80.0,-8.0,-1.0,-54.0
77560,-90.0,111.0,79.0,-21.0,-5.0,3.0
77600,-75.0,-64.0,-72.0,-26.0,-14.0,-33.0
77640,-51.0,-17.0,-30.0,-20.0,2.0,-32.0
77680,-54.0,23.0,22.0,-26.0,-24.0,18.0
77720,-34.0,11.0,-61.0,-12.0,-11.0,-49.0
77760,-27.0,-110.0,-39.0,-3.0,6.0,-23.0
77800,-53.0,154.0,74.0,-12.0,-8.0,1.0
77840,-9.0,-162.0,-112.0,-7.0,10.0,-49.0
77880,-15.0,105.0,67.0,-16.0,5.0,8.0
77920,3.0,-19.0,-22.0,-21.0,-19.0,2.0
77960,19.0,-34.0,-48.0,-7.0,0.0,-33.0
78000,5.0,-15.0,37.0,-12.0,-11.0,25.0
78040,-4.0,82.0,-7.0,-15.0,-13.0,-6.0
78080,33.0,-148.0,-114.0,-5.0,12.0,-21.0
78120,7.0,132.0,97.0,-20.0,-7.0,29.0
78160,35.0,-71.0,-106.0,-13.0,-6.0,-21.0
78200,49.0,-29.0,-35.0,-12.0,-1.0,6.0
78240,38.0,93.0,20.0,-23.0,-28.0,34.0
78280,65.0,-94.0,-108.0,-10.0,-12.0,-26.0
78320,62.0,29.0,-3.0,-11.0,-3.0,22.0
78360,47.0,80.0,-43.0,-16.0,-18.0,22.0
78400,86.0,-104.0,-124.0,-2.0,1.0,-22.0
78440,70.0,96.0,44.0,-11.0,-19.0,37.0
78480,86.0,30.0,-83.0,-11.0,-34.0,4.0
78520,104.0,-63.0,-81.0,2.0,-13.0,-9.0
78560,71.0,111.0,60.0,-9.0,-26.0,49.0
78600,77.0,-44.0,-69.0,-5.0,-21.0,-1.0
78640,75.0,15.0,-43.0,-1.0,-10.0,13.0
78680,62.0,67.0,30.0,-12.0,-39.0,44.0
78720,75.0,-10.0,-67.0,0.0,-28.0,-13.0
78760,61.0,-35.0,-13.0,1.0,-23.0,23.0
78800,26.0,119.0,36.0,-9.0,-39.0,32.0
78840,41.0,-105.0,-113.0,3.0,-21.0,-17.0
78880,18.0,53.0,67.0,-10.0,-31.0,33.0
78920,2.0,58.0,-20.0,-13.0,-46.0,6.0
78960,21.0,-98.0,-87.0,1.0,-26.0,-31.0
79000,-19.0,97.0,92.0,-7.0,-42.0,34.0
79040,-24.0,-21.0,-46.0,-2.0,-43.0,-20.0
79080,-29.0,-66.0,-23.0,3.0,-30.0,-16.0
79120,-52.0,139.0,100.0,-10.0,-54.0,21.0
79160,-36.0,-112.0,-77.0,6.0,-44.0,-32.0
79200,-45.0,31.0,84.0,3.0,-41.0,4.0
79240,-78.0,38.0,55.0,-6.0,-69.0,14.0
79280,-68.0,-69.0,-36.0,5.0,-55.0,-31.0
79320,-83.0,-1.0,120.0,-3.0,-64.0,11.0
79360,-108.0,31.0,51.0,-7.0,-76.0,2.0
79400,-91.0,-114.0,-24.0,6.0,-55.0,-39.0
79440,-123.0,83.0,138.0,-5.0,-71.0,26.0
79480,-128.0,-67.0,-16.0,3.0,-81.0,-20.0
79520,-125.0,-41.0,37.0,9.0,-67.0,-21.0
79560,-149.0,48.0,98.0,1.0,-86.0,22.0
79600,-141.0,-52.0,-7.0,8.0,-77.0,-38.0
79640,-138.0,-64.0,68.0,14.0,-67.0,-10.0
79680,-164.0,95.0,82.0,5.0,-94.0,7.0
79720,-122.0,-142.0,-35.0,18.0,-83.0,-50.0
79760,-143.0,58.0,117.0,13.0,-89.0,5.0
79800,-146.0,-20.0,39.0,14.0,-109.0,-16.0
79840,-130.0,-21.0,-17.0,28.0,-85.0,-41.0
79880,-132.0,-22.0,76.0,21.0,-97.0,14.0
79920,-138.0,61.0,27.0,19.0,-106.0,-14.0
79960,-91.0,-135.0,-25.0,26.0,-91.0,-31.0
80000,-124.0,112.0,124.0,13.0,-113.0,25.0
80040,-102.0,-80.0,-59.0,21.0,-106.0,-34.0
80080,-93.0,-61.0,59.0,30.0,-90.0,-13.0
80120,-103.0,96.0,106.0,23.0,-113.0,27.0
80160,-59.0,-103.0,-60.0,36.0,-106.0,-36.0
80200,-57.0,45.0,77.0,29.0,-110.0,32.0
80240,-51.0,10.0,45.0,24.0,-128.0,20.0
80280,-33.0,-105.0,-46.0,38.0,-99.0,-20.0
80320,-67.0,57.0,80.0,29.0,-98.0,28.0
80360,-56.0,6.0,-4.0,26.0,-104.0,4.0
80400,-31.0,-97.0,-43.0,39.0,-86.0,-11.0
80440,-46.0,75.0,88.0,24.0,-111.0,19.0
80480,-29.0,-21.0,-66.0,30.0,-108.0,-19.0
80520,-15.0,-52.0,-19.0,36.0,-93.0,1.0
80560,-50.0,115.0,72.0,20.0,-112.0,34.0
80600,-12.0,-80.0,-101.0,25.0,-96.0,-20.0
80640,-18.0,24.0,6.0,22.0,-90.0,20.0
80680,-19.0,85.0,20.0,18.0,-100.0,20.0
80720,1.0,-85.0,-82.0,28.0,-75.0,-29.0
80760,-20.0,102.0,47.0,14.0,-82.0,48.0
80800,-23.0,-15.0,-67.0,15.0,-90.0,6.0
80840,9.0,-21.0,-21.0,14.0,-63.0,-1.0
80880,2.0,82.0,32.0,0.0,-78.0,57.0
80920,32.0,39.0,-60.0,3.0,-72.0,16.0
80960,36.0,-87.0,-33.0,12.0,-54.0,17.0
81000,14.0,155.0,79.0,-2.0,-75.0,55.0
81040,20.0,-107.0,-148.0,10.0,-55.0,-6.0
81080,15.0,59.0,19.0,3.0,-41.0,33.0
81120,-1.0,28.0,-34.0,-10.0,-61.0,37.0
81160,30.0,-75.0,-104.0,-5.0,-44.0,-14.0
81200,11.0,37.0,-3.0,-9.0,-54.0,33.0
81240,11.0,20.0,-67.0,-14.0,-66.0,15.0
81280,23.0,-102.0,-73.0,-3.0,-30.0,-36.0
81320,-25.0,87.0,36.0,-14.0,-36.0,27.0
81360,-28.0,-35.0,-98.0,-6.0,-34.0,-17.0
81400,-31.0,-32.0,-40.0,-8.0,-24.0,-12.0
81440,-36.0,67.0,47.0,-23.0,-56.0,20.0
81480,-23.0,-76.0,-69.0,-19.0,-50.0,-27.0
81520,-47.0,-11.0,50.0,-17.0,-33.0,-17.0
81560,-88.0,59.0,50.0,-31.0,-41.0,4.0
81600,-60.0,-55.0,-41.0,-24.0,-12.0,-39.0
81640,-75.0,6.0,62.0,-32.0,-21.0,19.0
81680,-78.0,109.0,57.0,-41.0,-50.0,-5.0
81720,-63.0,-115.0,-74.0,-26.0,-40.0,-24.0
81760,-95.0,133.0,107.0,-32.0,-47.0,26.0
81800,-89.0,-41.0,-40.0,-37.0,-36.0,-16.0
81840,-83.0,-32.0,0.0,-35.0,-7.0,-17.0
81880,-91.0,100.0,46.0,-44.0,-35.0,32.0
81920,-51.0,-50.0,-69.0,-33.0,-39.0,-29.0
81960,-49.0,-8.0,22.0,-26.0,-39.0,6.0
82000,-60.0,83.0,67.0,-36.0,-56.0,2.0
82040,-40.0,-76.0,-85.0,-14.0,-27.0,-30.0
82080,-43.0,29.0,69.0,-16.0,-24.0,20.0
82120,-52.0,73.0,19.0,-21.0,-38.0,2.0
82160,-1.0,-93.0,-51.0,-8.0,-23.0,-25.0
82200,-24.0,98.0,76.0,-15.0,-47.0,49.0
82240,-4.0,-3.0,-17.0,-15.0,-54.0,-8.0
82280,-6.0,-52.0,-11.0,-6.0,-29.0,1.0
82320,-34.0,92.0,94.0,-18.0,-38.0,38.0
82360,-25.0,-21.0,-55.0,-11.0,-25.0,0.0
82400,-21.0,2.0,11.0,-16.0,-16.0,28.0
82440,-44.0,110.0,56.0,-30.0,-55.0,47.0
82480,-24.0,-41.0,-80.0,-20.0,-52.0,11.0
82520,-35.0,19.0,36.0,-19.0,-53.0,39.0
82560,-58.0,100.0,35.0,-24.0,-58.0,36.0
82600,-43.0,-99.0,-88.0,-13.0,-23.0,-3.0
82640,-69.0,136.0,81.0,-22.0,-36.0,57.0
82680,-61.0,-6.0,-54.0,-17.0,-53.0,15.0
82720,-49.0,-22.0,-21.0,-6.0,-45.0,-1.0
82760,-80.0,62.0,70.0,-10.0,-67.0,36.0
82800,-81.0,7.0,-55.0,4.0,-55.0,-8.0
82840,-82.0,-67.0,-12.0,11.0,-34.0,-1.0
82880,-106.0,140.0,66.0,6.0,-57.0,30.0
82920,-75.0,-119.0,-112.0,17.0,-49.0,-32.0
82960,-90.0,71.0,39.0,13.0,-56.0,17.0
83000,-112.0,-14.0,-7.0,10.0,-76.0,-2.0
83040,-112.0,-45.0,-54.0,18.0,-51.0,-37.0
83080,-139.0,0.0,36.0,15.0,-53.0,11.0
83120,-149.0,45.0,-14.0,11.0,-58.0,-9.0
83160,-130.0,-103.0,-81.0,19.0,-41.0,-32.0
83200,-156.0,95.0,69.0,7.0,-67.0,25.0
83240,-158.0,-56.0,-78.0,9.0,-70.0,-30.0
83280,-160.0,-41.0,-3.0,9.0,-59.0,-14.0
83320,-199.0,52.0,61.0,-2.0,-79.0,13.0
83360,-180.0,-50.0,-62.0,8.0,-69.0,-40.0
83400,-193.0,-48.0,26.0,10.0,-70.0,-7.0
83440,-217.0,99.0,68.0,2.0,-96.0,0.0
83480,-196.0,-152.0,-75.0,17.0,-83.0,-56.0
83520,-225.0,57.0,107.0,13.0,-90.0,8.0
83560,-247.0,-39.0,-2.0,12.0,-96.0,-36.0
83600,-237.0,-74.0,-11.0,20.0,-69.0,-47.0
83640,-254.0,39.0,74.0,17.0,-84.0,-6.0
83680,-246.0,-58.0,-20.0,20.0,-95.0,-45.0
83720,-235.0,-50.0,14.0,26.0,-91.0,-53.0
83760,-254.0,28.0,69.0,14.0,-120.0,0.0
83800,-238.0,-59.0,-39.0,23.0,-108.0,-59.0
83840,-235.0,-50.0,43.0,20.0,-93.0,-15.0
83880,-249.0,65.0,58.0,14.0,-108.0,-6.0
83920,-217.0,-95.0,-80.0,28.0,-98.0,-46.0
83960,-225.0,-37.0,34.0,24.0,-106.0,5.0
84000,-243.0,84.0,4.0,13.0,-127.0,-10.0
84040,-180.0,-154.0,37.0,18.0,-104.0,-52.0
84080,-211.0,157.0,97.0,15.0,-117.0,37.0
84120,-196.0,-145.0,-128.0,23.0,-124.0,-34.0
84160,-173.0,34.0,148.0,32.0,-112.0,-3.0
84200,-179.0,-10.0,60.0,28.0,-140.0,27.0
84240,-175.0,13.0,-78.0,23.0,-135.0,-20.0
84280,-149.0,-16.0,85.0,24.0,-118.0,-9.0
84320,-167.0,-16.0,38.0,25.0,-130.0,30.0
84360,-145.0,-80.0,-53.0,32.0,-110.0,-36.0
84400,-166.0,27.0,84.0,24.0,-115.0,-16.0
84440,-163.0,-21.0,7.0,13.0,-136.0,2.0
84480,-135.0,-18.0,-49.0,26.0,-121.0,-22.0
84520,-124.0,-40.0,62.0,18.0,-133.0,-10.0
84560,-110.0,16.0,15.0,15.0,-136.0,-4.0
84600,-94.0,-93.0,-62.0,36.0,-107.0,-13.0
84640,-119.0,81.0,111.0,12.0,-111.0,-34.0
84680,-96.0,-35.0,-45.0,8.0,-105.0,-4.0
84720,-77.0,-95.0,8.0,24.0,-99.0,-7.0
84760,-86.0,182.0,116.0,22.0,-133.0,12.0
84800,-44.0,-204.0,-116.0,16.0,-117.0,-43.0
84840,-67.0,133.0,130.0,0.0,-104.0,26.0
84880,-82.0,-28.0,14.0,7.0,-122.0,16.0
84920,-57.0,29.0,-36.0,25.0,-90.0,-25.0
84960,-61.0,27.0,39.0,9.0,-94.0,37.0
85000,-70.0,93.0,10.0,-1.0,-103.0,-1.0
85040,-33.0,-140.0,-29.0,11.0,-75.0,-5.0
85080,-89.0,164.0,86.0,-4.0,-99.0,38.0
85120,-67.0,-113.0,-86.0,1.0,-91.0,-33.0
85160,-60.0,51.0,50.0,2.0,-64.0,32.0
85200,-59.0,4.0,-11.0,-10.0,-86.0,18.0
85240,-57.0,-17.0,-32.0,-6.0,-79.0,-44.0
85280,-58.0,-29.0,27.0,-7.0,-81.0,37.0
85320,-67.0,61.0,-1.0,-17.0,-88.0,14.0
85360,-36.0,-98.0,-31.0,-8.0,-57.0,-30.0
85400,-62.0,78.0,61.0,-13.0,-60.0,18.0
85440,-49.0,-11.0,-38.0,-11.0,-66.0,16.0
85480,-24.0,-12.0,28.0,-4.0,-39.0,-25.0
85520,-38.0,49.0,62.0,-21.0,-54.0,33.0
85560,-28.0,-9.0,-36.0,-26.0,-52.0,-11.0
85600,-23.0,-16.0,5.0,-20.0,-38.0,18.0
85640,-49.0,55.0,64.0,-38.0,-58.0,42.0
85680,-41.0,-14.0,-42.0,-24.0,-47.0,-12.0
85720,-41.0,31.0,27.0,-25.0,-43.0,15.0
85760,-49.0,69.0,16.0,-37.0,-70.0,38.0
85800,-24.0,-59.0,-29.0,-29.0,-51.0,-3.0
85840,-45.0,48.0,50.0,-39.0,-48.0,22.0
85880,-51.0,35.0,-18.0,-42.0,-56.0,27.0
85920,-27.0,-53.0,-53.0,-25.0,-30.0,0.0
85960,-41.0,67.0,46.0,-33.0,-44.0,32.0
86000,-25.0,12.0,-59.0,-24.0,-53.0,-7.0
86040,-12.0,-51.0,-51.0,-9.0,-39.0,-1.0
86080,-30.0,106.0,37.0,-19.0,-55.0,25.0
86120,-9.0,-67.0,-73.0,-13.0,-44.0,-16.0
86160,0.0,40.0,2.0,-8.0,-39.0,17.0
86200,9.0,58.0,-18.0,-15.0,-60.0,24.0
86240,52.0,-12.0,-84.0,-6.0,-37.0,-17.0
86280,53.0,-6.0,3.0,-7.0,-43.0,46.0
86320,32.0,110.0,-29.0,-14.0,-52.0,10.0
86360,65.0,-74.0,-148.0,-4.0,-27.0,-11.0
86400,63.0,105.0,24.0,-12.0,-40.0,64.0
86440,82.0,21.0,-120.0,-10.0,-45.0,2.0
86480,120.0,-31.0,-94.0,-9.0,-33.0,14.0
86520,97.0,106.0,-3.0,-23.0,-62.0,65.0
86560,118.0,-33.0,-119.0,-14.0,-49.0,-5.0
86600,109.0,25.0,-80.0,-8.0,-39.0,50.0
86640,106.0,69.0,-31.0,-20.0,-60.0,43.0
86680,116.0,-11.0,-150.0,-1.0,-39.0,-5.0
86720,115.0,-5.0,-50.0,-4.0,-43.0,37.0
86760,84.0,107.0,-48.0,-3.0,-58.0,34.0
86800,97.0,-118.0,-145.0,9.0,-31.0,-22.0
86840,58.0,98.0,42.0,-1.0,-44.0,39.0
86880,44.0,-17.0,-87.0,3.0,-47.0,1.0
86920,49.0,-30.0,-70.0,14.0,-28.0,-7.0
86960,17.0,60.0,39.0,-5.0,-57.0,37.0
87000,14.0,-13.0,-93.0,4.0,-57.0,-13.0
87040,10.0,-42.0,-39.0,7.0,-49.0,2.0
87080,-34.0,64.0,26.0,-6.0,-63.0,15.0
87120,-30.0,-54.0,-88.0,6.0,-44.0,-28.0
87160,-39.0,-21.0,11.0,3.0,-40.0,3.0
87200,-56.0,61.0,11.0,-6.0,-57.0,9.0
87240,-40.0,-123.0,-90.0,4.0,-41.0,-30.0
87280,-54.0,67.0,63.0,-6.0,-58.0,20.0
87320,-66.0,-53.0,-38.0,-5.0,-67.0,-16.0
87360,-62.0,-32.0,-29.0,10.0,-48.0,-31.0
87400,-75.0,-18.0,74.0,4.0,-64.0,1.0
87440,-92.0,17.0,-32.0,11.0,-59.0,-33.0
87480,-73.0,-116.0,-5.0,15.0,-52.0,-31.0
87520,-117.0,99.0,106.0,3.0,-78.0,13.0
87560,-100.0,-146.0,-63.0,9.0,-67.0,-58.0
87600,-118.0,19.0,92.0,4.0,-60.0,-1.0
87640,-143.0,-20.0,46.0,0.0,-72.0,-19.0
87680,-140.0,-62.0,-18.0,9.0,-51.0,-63.0
87720,-146.0,-15.0,101.0,7.0,-60.0,-3.0
87760,-180.0,6.0,43.0,8.0,-75.0,-35.0
87800,-169.0,-104.0,3.0,17.0,-57.0,-56.0
87840,-202.0,58.0,121.0,0.0,-75.0,15.0
87880,-193.0,-61.0,6.0,0.0,-76.0,-37.0
87920,-177.0,-44.0,55.0,5.0,-60.0,-23.0
87960,-201.0,27.0,106.0,2.0,-85.0,5.0
88000,-186.0,-41.0,1.0,14.0,-80.0,-53.0
88040,-174.0,-47.0,65.0,19.0,-73.0,-17.0
88080,-190.0,9.0,82.0,7.0,-95.0,6.0
88120,-168.0,-33.0,-14.0,18.0,-76.0,-53.0
88160,-133.0,-63.0,148.0,13.0,-79.0,16.0
88200,-172.0,170.0,14.0,17.0,-97.0,6.0
88240,-103.0,-261.0,-23.0,27.0,-76.0,-44.0
88280,-142.0,263.0,205.0,22.0,-90.0,41.0
88320,-92.0,-240.0,-94.0,28.0,-98.0,-18.0
88360,-80.0,180.0,147.0,26.0,-78.0,-10.0
88400,-70.0,-94.0,6.0,15.0,-99.0,30.0
88440,-58.0,38.0,24.0,24.0,-89.0,-17.0
88480,-53.0,-35.0,12.0,27.0,-75.0,14.0
88520,-73.0,23.0,49.0,14.0,-93.0,13.0
88560,-51.0,22.0,-6.0,26.0,-83.0,-3.0
88600,-45.0,-48.0,27.0,28.0,-83.0,13.0
88640,-64.0,98.0,60.0,19.0,-98.0,24.0
88680,-33.0,-78.0,-51.0,29.0,-68.0,-26.0
88720,-46.0,103.0,40.0,26.0,-75.0,45.0
88760,-32.0,5.0,-11.0,17.0,-89.0,17.0
88800,-21.0,-32.0,-26.0,20.0,-69.0,-1.0
88840,-61.0,62.0,66.0,7.0,-82.0,34.0
88880,-57.0,40.0,-56.0,18.0,-63.0,-8.0
88920,-29.0,-24.0,-14.0,20.0,-45.0,26.0
88960,-32.0,124.0,62.0,7.0,-74.0,53.0
89000,-5.0,-55.0,-83.0,17.0,-65.0,-17.0
89040,-22.0,53.0,16.0,15.0,-58.0,48.0
89080,-55.0,120.0,-21.0,2.0,-56.0,32.0
89120,0.0,-68.0,-80.0,11.0,-16.0,4.0
89160,-8.0,89.0,56.0,0.0,-33.0,73.0
89200,3.0,23.0,-64.0,-1.0,-62.0,22.0
89240,7.0,-19.0,-58.0,7.0,-49.0,3.0
89280,-5.0,124.0,43.0,-6.0,-62.0,67.0
89320,1.0,-48.0,-85.0,-1.0,-53.0,11.0
89360,-1.0,24.0,8.0,-3.0,-38.0,37.0
89400,-23.0,65.0,5.0,-15.0,-68.0,55.0
89440,-8.0,-25.0,-84.0,-4.0,-57.0,10.0
89480,-22.0,36.0,-1.0,-9.0,-45.0,37.0
89520,-39.0,43.0,-10.0,-18.0,-57.0,33.0
89560,-31.0,-55.0,-78.0,-6.0,-35.0,-14.0
89600,-47.0,16.0,38.0,-17.0,-41.0,32.0
89640,-51.0,54.0,-15.0,-21.0,-55.0,8.0
89680,-25.0,-106.0,-84.0,-21.0,-31.0,-15.0
89720,-56.0,94.0,58.0,-33.0,-55.0,33.0
89760,-59.0,-62.0,-81.0,-26.0,-61.0,-3.0
89800,-58.0,-30.0,-5.0,-18.0,-45.0,-20.0
89840,-81.0,69.0,36.0,-28.0,-62.0,17.0
89880,-51.0,-75.0,-86.0,-17.0,-39.0,-37.0
89920,-50.0,-15.0,17.0,-20.0,-34.0,-3.0
89960,-70.0,49.0,17.0,-31.0,-66.0,-4.0
90000,-47.0,-95.0,-89.0,-26.0,-56.0,-40.0
90040,-65.0,16.0,36.0,-30.0,-68.0,2.0
90080,-67.0,4.0,-26.0,-27.0,-73.0,-19.0
90120,-51.0,-98.0,-68.0,-9.0,-47.0,-70.0
90160,-60.0,61.0,33.0,-16.0,-65.0,16.0
90200,-41.0,-48.0,-69.0,-16.0,-73.0,-50.0
90240,-27.0,-62.0,-23.0,-14.0,-62.0,-39.0
90280,-56.0,41.0,23.0,-22.0,-83.0,-15.0
90320,-34.0,-43.0,-94.0,-9.0,-65.0,-54.0
90360,-24.0,-73.0,-17.0,-2.0,-53.0,-27.0
90400,-46.0,86.0,26.0,-13.0,-72.0,-15.0
90440,-13.0,-120.0,-116.0,-4.0,-56.0,-75.0
90480,-27.0,35.0,15.0,-8.0,-64.0,-13.0
90520,-33.0,11.0,-36.0,-12.0,-82.0,-28.0
90560,-5.0,-84.0,-81.0,-6.0,-65.0,-53.0
90600,-5.0,53.0,46.0,-18.0,-88.0,15.0
90640,-10.0,-26.0,-71.0,-23.0,-90.0,-27.0
90680,-2.0,-37.0,-49.0,-13.0,-65.0,-28.0
90720,-27.0,57.0,20.0,-24.0,-86.0,31.0
90760,-5.0,-30.0,-80.0,-9.0,-78.0,-36.0
90800,-4.0,-63.0,-22.0,-6.0,-76.0,7.0
90840,-30.0,84.0,37.0,-21.0,-95.0,16.0
90880,-19.0,-103.0,-114.0,-9.0,-70.0,-29.0
90920,-36.0,18.0,49.0,-14.0,-66.0,31.0
90960,-55.0,38.0,5.0,-13.0,-84.0,8.0
91000,-35.0,-94.0,-72.0,2.0,-75.0,-15.0
91040,-61.0,51.0,67.0,-7.0,-99.0,29.0
91080,-82.0,-13.0,-23.0,-9.0,-103.0,2.0
91120,-73.0,-75.0,-7.0,-5.0,-77.0,-7.0
91160,-117.0,59.0,81.0,-18.0,-97.0,42.0
91200,-107.0,-43.0,-47.0,-4.0,-95.0,-14.0
91240,-112.0,-36.0,23.0,-1.0,-90.0,7.0
91280,-137.0,74.0,105.0,-12.0,-108.0,29.0
91320,-137.0,-63.0,-43.0,-3.0,-84.0,-15.0
91360,-138.0,24.0,83.0,-3.0,-82.0,21.0
91400,-169.0,45.0,53.0,-6.0,-112.0,32.0
91440,-147.0,-56.0,-11.0,0.0,-100.0,-22.0
91480,-167.0,43.0,102.0,-13.0,-110.0,40.0
91520,-181.0,40.0,22.0,-13.0,-111.0,1.0
91560,-162.0,-77.0,2.0,1.0,-89.0,-10.0
91600,-195.0,94.0,133.0,-9.0,-111.0,46.0
91640,-183.0,-31.0,0.0,-2.0,-113.0,-18.0
91680,-180.0,-1.0,41.0,-1.0,-99.0,0.0
91720,-200.0,51.0,104.0,-8.0,-120.0,32.0
91760,-196.0,-42.0,5.0,7.0,-111.0,-20.0
91800,-189.0,9.0,80.0,5.0,-111.0,20.0
91840,-213.0,41.0,67.0,-4.0,-131.0,12.0
91880,-197.0,-58.0,10.0,13.0,-106.0,-41.0
91920,-217.0,-3.0,111.0,13.0,-111.0,8.0
91960,-238.0,47.0,52.0,7.0,-122.0,-1.0
92000,-217.0,-102.0,-10.0,13.0,-106.0,-42.0
92040,-236.0,61.0,144.0,-3.0,-129.0,33.0
92080,-229.0,-52.0,3.0,7.0,-128.0,-29.0
92120,-224.0,-49.0,44.0,20.0,-105.0,-17.0
92160,-252.0,61.0,113.0,19.0,-119.0,17.0
92200,-237.0,-67.0,-16.0,32.0,-107.0,-40.0
92240,-227.0,-10.0,86.0,23.0,-107.0,2.0
92280,-240.0,42.0,76.0,5.0,-137.0,15.0
92320,-216.0,-70.0,-27.0,15.0,-122.0,-38.0
92360,-211.0,19.0,104.0,12.0,-127.0,20.0
92400,-219.0,24.0,29.0,13.0,-139.0,5.0
92440,-171.0,-63.0,-11.0,24.0,-113.0,-30.0
92480,-188.0,50.0,92.0,20.0,-123.0,16.0
92520,-167.0,31.0,-3.0,28.0,-118.0,-35.0
92560,-148.0,-72.0,-32.0,40.0,-93.0,-27.0
92600,-161.0,115.0,84.0,24.0,-116.0,18.0
92640,-150.0,-129.0,-87.0,31.0,-114.0,-36.0
92680,-141.0,75.0,30.0,25.0,-115.0,-4.0
92720,-145.0,-32.0,-14.0,15.0,-136.0,1.0
92760,-109.0,30.0,-17.0,35.0,-108.0,-45.0
92800,-89.0,-69.0,-3.0,37.0,-108.0,1.0
92840,-111.0,97.0,3.0,27.0,-123.0,0.0
92880,-93.0,-144.0,-97.0,36.0,-99.0,-47.0
92920,-141.0,66.0,85.0,17.0,-106.0,30.0
92960,-151.0,-52.0,-58.0,18.0,-101.0,-37.0
93000,-143.0,-30.0,-34.0,24.0,-80.0,-31.0
93040,-140.0,58.0,20.0,18.0,-111.0,23.0
93080,-114.0,-48.0,-31.0,22.0,-115.0,-36.0
93120,-111.0,-38.0,52.0,19.0,-105.0,-12.0
93160,-157.0,72.0,34.0,6.0,-114.0,-1.0
93200,-135.0,-69.0,-70.0,19.0,-77.0,-40.0
93240,-128.0,28.0,62.0,12.0,-77.0,17.0
93280,-122.0,-2.0,-5.0,-1.0,-106.0,20.0
93320,-99.0,-52.0,-70.0,7.0,-92.0,-39.0
93360,-117.0,26.0,24.0,-1.0,-99.0,19.0
93400,-125.0,-5.0,-28.0,-2.0,-87.0,-7.0
93440,-107.0,-64.0,-46.0,10.0,-51.0,-25.0
93480,-95.0,47.0,41.0,-4.0,-81.0,40.0
93520,-66.0,-33.0,-70.0,8.0,-86.0,-9.0
93560,-52.0,-53.0,-27.0,17.0,-76.0,4.0
93600,-78.0,79.0,10.0,4.0,-90.0,11.0
93640,-52.0,-105.0,-108.0,10.0,-64.0,-29.0
93680,-59.0,15.0,8.0,-4.0,-60.0,15.0
93720,-62.0,16.0,-11.0,-14.0,-79.0,1.0
93760,-42.0,-36.0,-80.0,-1.0,-49.0,-51.0
93800,-57.0,22.0,14.0,-3.0,-51.0,17.0
93840,-66.0,37.0,-21.0,-9.0,-51.0,-31.0
93880,-44.0,-78.0,-55.0,-14.0,-43.0,-12.0
93920,-80.0,86.0,42.0,-45.0,-82.0,30.0
93960,-76.0,2.0,-78.0,-31.0,-81.0,-19.0
94000,-61.0,-28.0,-12.0,-16.0,-48.0,-9.0
94040,-86.0,74.0,41.0,-28.0,-54.0,17.0
94080,-92.0,-79.0,-89.0,-22.0,-30.0,-39.0
94120,-102.0,32.0,7.0,-33.0,-31.0,14.0
94160,-95.0,35.0,-6.0,-36.0,-62.0,6.0
94200,-64.0,-55.0,-55.0,-11.0,-43.0,-21.0
94240,-67.0,25.0,38.0,-20.0,-59.0,22.0
94280,-56.0,43.0,-42.0,-23.0,-72.0,8.0
94320,-29.0,-83.0,-88.0,-22.0,-49.0,-36.0
94360,-36.0,49.0,66.0,-34.0,-65.0,108.0
94400,-35.0,-12.0,-66.0,8.0,-50.0,-79.0
94440,2.0,-32.0,-50.0,0.0,-28.0,38.0
94480,-2.0,81.0,26.0,-26.0,-46.0,-30.0
94520,36.0,-62.0,-107.0,-26.0,-39.0,-2.0
94560,44.0,17.0,-7.0,-28.0,-45.0,-10.0
94600,29.0,98.0,-11.0,-16.0,-78.0,14.0
94640,54.0,-27.0,-128.0,-12.0,-40.0,-16.0
94680,66.0,81.0,-5.0,-32.0,-54.0,85.0
94720,63.0,50.0,-47.0,-18.0,-64.0,11.0
94760,88.0,-22.0,-85.0,-3.0,-39.0,17.0
94800,75.0,129.0,14.0,-17.0,-70.0,49.0
94840,75.0,38.0,-105.0,-27.0,-59.0,47.0
94880,90.0,-7.0,-64.0,-30.0,-60.0,32.0
94920,76.0,131.0,15.0,-29.0,-108.0,95.0
94960,87.0,2.0,-131.0,-6.0,-83.0,5.0
95000,73.0,36.0,-43.0,6.0,-55.0,58.0
95040,40.0,105.0,-5.0,2.0,-52.0,60.0
95080,70.0,-31.0,-87.0,8.0,-42.0,15.0
95120,42.0,36.0,-22.0,-5.0,-77.0,76.0
95160,31.0,78.0,-10.0,-15.0,-104.0,58.0
95200,43.0,-56.0,-74.0,4.0,-96.0,2.0
95240,33.0,31.0,53.0,-5.0,-101.0,88.0
95280,-1.0,42.0,-30.0,-2.0,-83.0,2.0
95320,3.0,-89.0,-60.0,9.0,-56.0,14.0
95360,-37.0,111.0,103.0,-4.0,-73.0,55.0
95400,-47.0,-32.0,-61.0,7.0,-63.0,-11.0
95440,-35.0,-9.0,25.0,12.0,-59.0,26.0
95480,-67.0,76.0,71.0,-1.0,-91.0,46.0
95520,-52.0,-78.0,-48.0,14.0,-72.0,-14.0
95560,-65.0,45.0,78.0,-4.0,-75.0,34.0
95600,-109.0,15.0,19.0,-19.0,-91.0,15.0
95640,-98.0,-58.0,-29.0,-4.0,-70.0,-29.0
95680,-110.0,16.0,90.0,-9.0,-91.0,33.0
95720,-119.0,17.0,14.0,-8.0,-103.0,-60.0
95760,-100.0,-60.0,23.0,-1.0,-91.0,9.0
95800,-145.0,36.0,100.0,-15.0,-107.0,8.0
95840,-152.0,-32.0,23.0,5.0,-80.0,-10.0
95880,-170.0,-3.0,30.0,26.0,-61.0,-34.0
95920,-200.0,27.0,101.0,1.0,-85.0,20.0
95960,-203.0,-62.0,10.0,16.0,-89.0,-3.0
96000,-193.0,7.0,73.0,20.0,-91.0,-41.0
96040,-222.0,37.0,25.0,16.0,-104.0,-4.0
96080,-186.0,-51.0,2.0,32.0,-90.0,-47.0
96120,-191.0,-18.0,77.0,22.0,-110.0,28.0
96160,-190.0,45.0,19.0,12.0,-131.0,-10.0
96200,-179.0,-88.0,-80.0,22.0,-106.0,-53.0
96240,-181.0,45.0,117.0,11.0,-102.0,38.0
96280,-163.0,-39.0,-14.0,25.0,-87.0,-6.0
96320,-129.0,-80.0,-5.0,35.0,-80.0,-37.0
96360,-155.0,61.0,94.0,16.0,-126.0,44.0
96400,-142.0,-82.0,-22.0,29.0,-120.0,-50.0
96440,-133.0,-6.0,74.0,29.0,-103.0,8.0
96480,-146.0,68.0,75.0,22.0,-127.0,43.0
96520,-109.0,-113.0,-16.0,36.0,-103.0,-47.0
96560,-108.0,57.0,142.0,23.0,-112.0,70.0
96600,-118.0,-16.0,13.0,25.0,-124.0,-24.0
96640,-103.0,-46.0,9.0,22.0,-97.0,4.0
96680,-132.0,40.0,111.0,12.0,-125.0,42.0
96720,-124.0,3.0,-31.0,22.0,-125.0,-1.0
96760,-90.0,-70.0,-19.0,30.0,-102.0,-13.0
96800,-114.0,92.0,65.0,18.0,-115.0,22.0
96840,-87.0,-72.0,-76.0,34.0,-85.0,-13.0
96880,-87.0,56.0,-25.0,30.0,-72.0,15.0
96920,-76.0,17.0,-12.0,6.0,-104.0,29.0
96960,-52.0,-20.0,-67.0,24.0,-93.0,-35.0
97000,-45.0,-1.0,-17.0,22.0,-106.0,20.0
97040,-59.0,91.0,-60.0,26.0,-116.0,8.0
97080,-26.0,-55.0,-100.0,44.0,-72.0,-40.0
97120,-34.0,52.0,51.0,25.0,-70.0,36.0
97160,-17.0,64.0,-29.0,28.0,-65.0,-15.0
97200,8.0,-54.0,-89.0,30.0,-46.0,-13.0
97240,-9.0,123.0,84.0,15.0,-75.0,32.0
97280,12.0,-31.0,-40.0,29.0,-67.0,-14.0
97320,23.0,-2.0,6.0,14.0,-53.0,19.0
97360,-11.0,87.0,26.0,-3.0,-80.0,38.0
97400,3.0,-54.0,-66.0,9.0,-49.0,-19.0
97440,-17.0,-16.0,41.0,1.0,-42.0,25.0
97480,-33.0,106.0,19.0,-11.0,-48.0,24.0
97520,-9.0,-124.0,-124.0,-6.0,-16.0,-19.0
97560,-18.0,110.0,96.0,-25.0,-51.0,37.0
97600,-31.0,-67.0,-57.0,-18.0,-69.0,-4.0
97640,-43.0,-12.0,-48.0,-18.0,-32.0,-22.0
97680,-66.0,18.0,37.0,-30.0,-36.0,26.0
97720,-72.0,-4.0,-75.0,-21.0,-19.0,-39.0
97760,-61.0,-120.0,1.0,-23.0,-24.0,-6.0
97800,-118.0,169.0,51.0,-30.0,-63.0,2.0
97840,-70.0,-187.0,-107.0,-14.0,-41.0,-40.0
97880,-109.0,110.0,99.0,-21.0,-36.0,-18.0
97920,-109.0,-58.0,-10.0,-27.0,-53.0,1.0
97960,-109.0,7.0,-24.0,-21.0,-31.0,-35.0
98000,-98.0,-11.0,52.0,-28.0,-47.0,24.0
98040,-122.0,31.0,0.0,-34.0,-52.0,-7.0
98080,-101.0,-89.0,-7.0,-24.0,-32.0,-26.0
98120,-141.0,61.0,85.0,-34.0,-58.0,18.0
98160,-124.0,-32.0,-13.0,-23.0,-49.0,-26.0
98200,-109.0,-78.0,21.0,-22.0,-30.0,-32.0
98240,-118.0,89.0,86.0,-43.0,-53.0,25.0
98280,-97.0,-103.0,-59.0,-32.0,-44.0,-43.0
98320,-92.0,19.0,55.0,-34.0,-50.0,22.0
98360,-98.0,-4.0,54.0,-43.0,-82.0,4.0
98400,-75.0,-56.0,-37.0,-29.0,-63.0,-42.0
98440,-69.0,-5.0,55.0,-36.0,-74.0,9.0
98480,-76.0,47.0,14.0,-36.0,-81.0,-6.0
98520,-41.0,-101.0,-42.0,-20.0,-49.0,-41.0
98560,-65.0,56.0,61.0,-36.0,-69.0,23.0
98600,-46.0,14.0,-49.0,-22.0,-66.0,-32.0
98640,-14.0,-105.0,-55.0,-13.0,-51.0,-24.0
98680,-40.0,120.0,83.0,-26.0,-73.0,19.0
98720,-10.0,-92.0,-104.0,-12.0,-56.0,-34.0
98760,-4.0,8.0,3.0,-17.0,-58.0,19.0
98800,-12.0,53.0,26.0,-31.0,-92.0,20.0
98840,12.0,-69.0,-89.0,-12.0,-78.0,-40.0
98880,13.0,26.0,16.0,-15.0,-84.0,21.0
98920,6.0,53.0,-3.0,-13.0,-84.0,8.0
98960,29.0,-97.0,-91.0,4.0,-52.0,-20.0
99000,11.0,88.0,65.0,-21.0,-70.0,45.0
99040,20.0,1.0,-73.0,-12.0,-72.0,6.0
99080,40.0,-61.0,-40.0,-3.0,-56.0,2.0
99120,14.0,125.0,68.0,-15.0,-84.0,51.0
99160,22.0,-64.0,-109.0,2.0,-81.0,-18.0
99200,19.0,15.0,25.0,-3.0,-77.0,14.0
99240,-15.0,80.0,24.0,-15.0,-99.0,26.0
99280,4.0,-64.0,-104.0,2.0,-71.0,-40.0
99320,-11.0,43.0,34.0,-5.0,-76.0,19.0
99360,-35.0,31.0,-32.0,-6.0,-96.0,-2.0
99400,-26.0,-69.0,-82.0,11.0,-74.0,-35.0
99440,-53.0,42.0,33.0,-3.0,-92.0,19.0
99480,-66.0,11.0,-60.0,-2.0,-96.0,-15.0
99520,-51.0,-92.0,-64.0,5.0,-74.0,-27.0
99560,-86.0,94.0,54.0,-7.0,-98.0,11.0
99600,-81.0,-89.0,-95.0,3.0,-90.0,-32.0
99640,-87.0,-3.0,16.0,2.0,-82.0,-18.0
99680,-114.0,17.0,32.0,-12.0,-112.0,8.0
99720,-98.0,-37.0,-59.0,2.0,-96.0,-37.0
99760,-94.0,-55.0,34.0,-2.0,-104.0,14.0
99800,-122.0,85.0,63.0,-10.0,-124.0,22.0
99840,-99.0,-138.0,-66.0,4.0,-100.0,-26.0
99880,-127.0,94.0,125.0,2.0,-111.0,30.0
99920,-145.0,-40.0,-11.0,12.0,-107.0,2.0
99960,-139.0,-29.0,25.0,22.0,-79.0,-28.0
