Time,Ch1_X,Ch1_Y,Ch1_Z,Ch2_X,Ch2_Y,Ch2_Z
0,102.0,-30.0,-94.0,-33.0,3.0,-11.0
40,118.0,-21.0,-113.0,-32.0,0.0,-4.0
80,125.0,21.0,-125.0,-33.0,-1.0,2.0
120,119.0,31.0,-119.0,-34.0,-3.0,9.0
160,116.0,17.0,-120.0,-36.0,-6.0,14.0
200,122.0,42.0,-134.0,-36.0,-5.0,20.0
240,125.0,62.0,-137.0,-37.0,-6.0,24.0
280,127.0,28.0,-142.0,-37.0,-5.0,28.0
320,132.0,2.0,-159.0,-37.0,-6.0,33.0
360,129.0,13.0,-172.0,-36.0,-6.0,37.0
400,117.0,5.0,-188.0,-34.0,-7.0,42.0
440,105.0,-32.0,-208.0,-37.0,-7.0,44.0
480,101.0,-20.0,-206.0,-38.0,-9.0,49.0
520,97.0,-2.0,-218.0,-37.0,-10.0,53.0
560,89.0,1.0,-221.0,-38.0,-12.0,54.0
600,83.0,9.0,-230.0,-40.0,-15.0,55.0
640,83.0,22.0,-236.0,-42.0,-18.0,54.0
680,83.0,30.0,-240.0,-43.0,-19.0,51.0
720,74.0,41.0,-245.0,-42.0,-21.0,47.0
760,70.0,37.0,-248.0,-41.0,-23.0,42.0
800,68.0,52.0,-241.0,-40.0,-24.0,38.0
840,59.0,68.0,-237.0,-40.0,-25.0,36.0
880,44.0,70.0,-227.0,-41.0,-28.0,33.0
920,32.0,62.0,-227.0,-41.0,-26.0,30.0
960,22.0,60.0,-221.0,-42.0,-28.0,28.0
1000,16.0,44.0,-228.0,-41.0,-28.0,25.0
1040,8.0,19.0,-238.0,-41.0,-27.0,25.0
1080,9.0,-10.0,-236.0,-39.0,-27.0,25.0
1120,12.0,1.0,-228.0,-39.0,-28.0,22.0
1160,7.0,11.0,-232.0,-39.0,-27.0,22.0
1200,8.0,13.0,-222.0,-37.0,-28.0,21.0
1240,18.0,26.0,-209.0,-37.0,-30.0,19.0
1280,23.0,78.0,-189.0,-39.0,-33.0,17.0
1320,17.0,90.0,-174.0,-39.0,-35.0,12.0
1360,15.0,85.0,-173.0,-36.0,-36.0,8.0
1400,24.0,88.0,-171.0,-36.0,-38.0,3.0
1440,22.0,108.0,-154.0,-35.0,-37.0,-4.0
1480,10.0,72.0,-145.0,-36.0,-36.0,-8.0
1520,8.0,24.0,-145.0,-35.0,-35.0,-13.0
1560,4.0,33.0,-142.0,-34.0,-34.0,-16.0
1600,-10.0,40.0,-124.0,-32.0,-31.0,-16.0
1640,-26.0,12.0,-121.0,-33.0,-30.0,-16.0
1680,-27.0,0.0,-128.0,-31.0,-29.0,-14.0
1720,-20.0,20.0,-115.0,-29.0,-28.0,-13.0
1760,-16.0,26.0,-101.0,-28.0,-27.0,-8.0
1800,-16.0,-1.0,-90.0,-26.0,-27.0,-5.0
1840,-17.0,24.0,-85.0,-25.0,-27.0,-2.0
1880,-17.0,50.0,-78.0,-24.0,-27.0,1.0
1920,-12.0,40.0,-55.0,-22.0,-25.0,4.0
1960,3.0,28.0,-46.0,-22.0,-25.0,6.0
2000,8.0,50.0,-42.0,-21.0,-25.0,6.0
2040,-2.0,54.0,-26.0,-20.0,-22.0,7.0
2080,-18.0,22.0,-21.0,-21.0,-21.0,8.0
2120,-12.0,13.0,-29.0,-20.0,-19.0,9.0
2160,-4.0,37.0,-36.0,-19.0,-18.0,8.0
2200,2.0,19.0,-31.0,-17.0,-15.0,7.0
2240,9.0,-5.0,-30.0,-16.0,-14.0,11.0
2280,27.0,11.0,-17.0,-12.0,-12.0,12.0
2320,42.0,22.0,-15.0,-11.0,-11.0,13.0
2360,43.0,27.0,-5.0,-11.0,-10.0,19.0
2400,49.0,30.0,-10.0,-11.0,-8.0,22.0
2440,62.0,56.0,-14.0,-10.0,-5.0,27.0
2480,70.0,69.0,-11.0,-10.0,-4.0,29.0
2520,68.0,50.0,-4.0,-8.0,-2.0,33.0
2560,71.0,30.0,-3.0,-7.0,1.0,34.0
2600,67.0,41.0,-13.0,-5.0,3.0,35.0
2640,51.0,50.0,-6.0,-6.0,4.0,36.0
2680,38.0,10.0,-9.0,-6.0,5.0,36.0
2720,39.0,16.0,-13.0,-5.0,7.0,35.0
2760,43.0,43.0,-19.0,-6.0,7.0,31.0
2800,43.0,44.0,-29.0,-4.0,9.0,31.0
2840,41.0,22.0,-31.0,-6.0,11.0,31.0
2880,51.0,24.0,-24.0,-4.0,11.0,28.0
2920,52.0,57.0,-10.0,-2.0,12.0,27.0
2960,52.0,49.0,-4.0,-3.0,15.0,27.0
3000,61.0,17.0,-21.0,-2.0,15.0,27.0
3040,75.0,17.0,-19.0,0.0,16.0,28.0
3080,73.0,38.0,9.0,0.0,19.0,27.0
3120,59.0,15.0,22.0,0.0,19.0,29.0
3160,55.0,-21.0,11.0,1.0,20.0,31.0
3200,51.0,-9.0,0.0,1.0,21.0,31.0
3240,38.0,6.0,9.0,1.0,22.0,29.0
3280,28.0,-35.0,18.0,0.0,23.0,26.0
3320,36.0,-60.0,14.0,1.0,23.0,21.0
3360,39.0,-26.0,9.0,2.0,26.0,16.0
3400,28.0,-20.0,24.0,3.0,27.0,9.0
3440,22.0,-45.0,35.0,1.0,27.0,4.0
3480,26.0,-35.0,33.0,3.0,27.0,-4.0
3520,21.0,12.0,31.0,3.0,28.0,-9.0
3560,9.0,-14.0,38.0,2.0,29.0,-12.0
3600,1.0,-34.0,59.0,2.0,28.0,-16.0
3640,-8.0,-9.0,57.0,2.0,28.0,-19.0
3680,-18.0,1.0,58.0,4.0,28.0,-22.0
3720,-30.0,-24.0,71.0,4.0,29.0,-24.0
3760,-32.0,-41.0,83.0,4.0,29.0,-24.0
3800,-28.0,-62.0,84.0,6.0,30.0,-25.0
3840,-34.0,-57.0,97.0,6.0,30.0,-28.0
3880,-50.0,-60.0,99.0,5.0,30.0,-30.0
3920,-51.0,-95.0,106.0,4.0,32.0,-32.0
3960,-47.0,-82.0,101.0,5.0,33.0,-35.0
4000,-57.0,-53.0,103.0,5.0,33.0,-38.0
4040,-66.0,-72.0,114.0,5.0,32.0,-43.0
4080,-63.0,-67.0,124.0,6.0,31.0,-46.0
4120,-63.0,-49.0,142.0,6.0,31.0,-49.0
4160,-65.0,-57.0,153.0,7.0,31.0,-53.0
4200,-58.0,-69.0,144.0,6.0,29.0,-55.0
4240,-55.0,-48.0,134.0,5.0,26.0,-57.0
4280,-55.0,-49.0,135.0,6.0,25.0,-56.0
4320,-60.0,-52.0,153.0,6.0,23.0,-54.0
4360,-60.0,-43.0,170.0,5.0,22.0,-53.0
4400,-59.0,-36.0,179.0,6.0,21.0,-50.0
4440,-53.0,-43.0,184.0,6.0,22.0,-49.0
4480,-49.0,-23.0,186.0,5.0,22.0,-45.0
4520,-43.0,-41.0,191.0,6.0,23.0,-43.0
4560,-44.0,-50.0,201.0,6.0,23.0,-40.0
4600,-56.0,-43.0,204.0,6.0,23.0,-39.0
4640,-64.0,-62.0,198.0,7.0,23.0,-35.0
4680,-62.0,-72.0,205.0,6.0,20.0,-34.0
4720,-67.0,-44.0,204.0,4.0,19.0,-32.0
4760,-74.0,-36.0,208.0,6.0,16.0,-30.0
4800,-73.0,-46.0,204.0,3.0,15.0,-29.0
4840,-68.0,-22.0,185.0,4.0,11.0,-29.0
4880,-63.0,-20.0,186.0,3.0,9.0,-27.0
4920,-54.0,-40.0,177.0,0.0,8.0,-24.0
4960,-42.0,-31.0,157.0,2.0,4.0,-19.0
5000,-31.0,-10.0,131.0,2.0,2.0,-15.0
5040,-32.0,2.0,135.0,2.0,3.0,-7.0
5080,-32.0,-5.0,135.0,2.0,1.0,-2.0
5120,-23.0,13.0,138.0,3.0,0.0,4.0
5160,-13.0,35.0,136.0,3.0,0.0,9.0
5200,-9.0,18.0,141.0,2.0,0.0,13.0
5240,-6.0,7.0,148.0,1.0,-1.0,16.0
5280,-3.0,8.0,130.0,1.0,-2.0,18.0
5320,-5.0,21.0,111.0,0.0,-2.0,19.0
5360,-8.0,-11.0,90.0,-2.0,-5.0,21.0
5400,-8.0,-24.0,91.0,-2.0,-9.0,23.0
5440,-11.0,-7.0,95.0,-2.0,-10.0,24.0
5480,-20.0,11.0,92.0,-3.0,-15.0,26.0
5520,-32.0,8.0,94.0,-4.0,-16.0,27.0
5560,-35.0,13.0,94.0,-3.0,-18.0,29.0
5600,-32.0,41.0,96.0,-4.0,-21.0,29.0
5640,-27.0,38.0,90.0,-2.0,-22.0,29.0
5680,-22.0,39.0,78.0,-3.0,-23.0,28.0
5720,-16.0,35.0,67.0,-6.0,-23.0,31.0
5760,-15.0,54.0,70.0,-4.0,-23.0,31.0
5800,-23.0,64.0,64.0,-6.0,-26.0,31.0
5840,-28.0,57.0,59.0,-2.0,-26.0,31.0
5880,-20.0,45.0,51.0,-1.0,-26.0,30.0
5920,-9.0,44.0,54.0,-3.0,-25.0,27.0
5960,-4.0,32.0,49.0,-1.0,-27.0,26.0
6000,-4.0,8.0,33.0,-2.0,-29.0,24.0
6040,-10.0,-1.0,13.0,1.0,-31.0,22.0
6080,-22.0,10.0,1.0,-2.0,-34.0,20.0
6120,-31.0,6.0,6.0,0.0,-36.0,19.0
6160,-32.0,20.0,5.0,0.0,-39.0,18.0
6200,-21.0,34.0,1.0,1.0,-41.0,16.0
6240,-6.0,53.0,2.0,0.0,-42.0,15.0
6280,-1.0,76.0,20.0,0.0,-41.0,13.0
6320,-3.0,67.0,34.0,1.0,-43.0,11.0
6360,-10.0,68.0,48.0,2.0,-41.0,9.0
6400,-17.0,77.0,38.0,2.0,-43.0,7.0
6440,-17.0,43.0,13.0,3.0,-41.0,5.0
6480,-11.0,15.0,11.0,3.0,-42.0,2.0
6520,-14.0,19.0,14.0,4.0,-42.0,-1.0
6560,-28.0,12.0,18.0,6.0,-41.0,-2.0
6600,-45.0,-5.0,11.0,9.0,-41.0,-4.0
6640,-51.0,2.0,6.0,7.0,-41.0,-6.0
6680,-47.0,-11.0,-2.0,9.0,-42.0,-8.0
6720,-39.0,-25.0,-2.0,8.0,-43.0,-7.0
6760,-30.0,-16.0,-12.0,10.0,-43.0,-10.0
6800,-25.0,-17.0,-15.0,11.0,-42.0,-7.0
6840,-29.0,-7.0,-18.0,11.0,-44.0,-8.0
6880,-31.0,-7.0,-25.0,12.0,-42.0,-7.0
6920,-30.0,5.0,-24.0,11.0,-44.0,-8.0
6960,-27.0,19.0,-21.0,12.0,-42.0,-7.0
7000,-27.0,14.0,-6.0,13.0,-41.0,-8.0
7040,-29.0,-1.0,-3.0,15.0,-40.0,-9.0
7080,-29.0,9.0,-1.0,13.0,-41.0,-9.0
7120,-39.0,13.0,-2.0,13.0,-40.0,-13.0
7160,-52.0,-6.0,1.0,14.0,-37.0,-12.0
7200,-52.0,-21.0,2.0,15.0,-37.0,-12.0
7240,-53.0,2.0,14.0,14.0,-34.0,-9.0
7280,-57.0,24.0,16.0,15.0,-34.0,-8.0
7320,-58.0,18.0,27.0,14.0,-32.0,-7.0
7360,-50.0,35.0,39.0,17.0,-31.0,-3.0
7400,-47.0,58.0,58.0,16.0,-30.0,-2.0
7440,-52.0,56.0,77.0,16.0,-29.0,0.0
7480,-56.0,31.0,83.0,16.0,-26.0,4.0
7520,-55.0,41.0,81.0,16.0,-26.0,5.0
7560,-60.0,51.0,78.0,17.0,-24.0,7.0
7600,-63.0,20.0,87.0,17.0,-23.0,10.0
7640,-64.0,5.0,89.0,16.0,-23.0,11.0
7680,-67.0,21.0,102.0,16.0,-22.0,11.0
7720,-74.0,4.0,118.0,16.0,-21.0,13.0
7760,-79.0,-25.0,126.0,17.0,-21.0,15.0
7800,-68.0,-29.0,123.0,16.0,-19.0,19.0
7840,-64.0,-10.0,124.0,17.0,-18.0,20.0
7880,-68.0,-3.0,129.0,16.0,-16.0,22.0
7920,-72.0,-16.0,139.0,18.0,-13.0,21.0
7960,-61.0,23.0,143.0,18.0,-12.0,22.0
8000,-53.0,66.0,144.0,19.0,-10.0,24.0
8040,-50.0,92.0,163.0,21.0,-6.0,26.0
8080,-35.0,75.0,178.0,22.0,-6.0,26.0
8120,-20.0,93.0,194.0,22.0,-5.0,27.0
8160,-12.0,96.0,212.0,23.0,-5.0,27.0
8200,-16.0,45.0,228.0,23.0,-5.0,27.0
8240,-22.0,1.0,229.0,24.0,-5.0,28.0
8280,-29.0,-10.0,218.0,22.0,-4.0,29.0
8320,-42.0,-29.0,219.0,22.0,-4.0,31.0
8360,-50.0,-58.0,212.0,22.0,-3.0,30.0
8400,-55.0,-58.0,227.0,24.0,1.0,30.0
8440,-61.0,-35.0,245.0,24.0,2.0,31.0
8480,-66.0,-26.0,241.0,26.0,3.0,30.0
8520,-62.0,-28.0,238.0,26.0,3.0,28.0
8560,-48.0,-17.0,224.0,27.0,5.0,23.0
8600,-35.0,-5.0,221.0,28.0,5.0,20.0
8640,-28.0,-5.0,224.0,31.0,7.0,15.0
8680,-18.0,14.0,217.0,33.0,8.0,11.0
8720,-13.0,41.0,210.0,33.0,10.0,4.0
8760,-8.0,46.0,214.0,32.0,10.0,-2.0
8800,3.0,39.0,207.0,35.0,10.0,-6.0
8840,13.0,35.0,197.0,33.0,12.0,-8.0
8880,6.0,26.0,199.0,33.0,11.0,-15.0
8920,-19.0,25.0,208.0,33.0,10.0,-16.0
8960,-41.0,10.0,194.0,30.0,12.0,-19.0
9000,-46.0,17.0,173.0,32.0,14.0,-18.0
9040,-40.0,38.0,152.0,32.0,17.0,-20.0
9080,-30.0,48.0,155.0,33.0,20.0,-21.0
9120,-19.0,44.0,166.0,33.0,20.0,-22.0
9160,-9.0,68.0,171.0,34.0,21.0,-20.0
9200,-13.0,67.0,152.0,33.0,18.0,-19.0
9240,-16.0,43.0,143.0,32.0,16.0,-20.0
9280,-15.0,25.0,126.0,33.0,16.0,-19.0
9320,-10.0,19.0,107.0,32.0,15.0,-18.0
9360,-8.0,-8.0,97.0,32.0,14.0,-19.0
9400,6.0,-56.0,80.0,30.0,16.0,-17.0
9440,18.0,-37.0,75.0,30.0,16.0,-14.0
9480,15.0,-37.0,65.0,29.0,18.0,-13.0
9520,1.0,-50.0,77.0,28.0,20.0,-10.0
9560,-3.0,-56.0,79.0,30.0,21.0,-8.0
9600,-7.0,-43.0,76.0,26.0,25.0,-6.0
9640,-17.0,-49.0,82.0,24.0,24.0,-6.0
9680,-23.0,-54.0,75.0,24.0,23.0,-6.0
9720,-22.0,-53.0,66.0,21.0,24.0,-6.0
9760,-8.0,-51.0,57.0,21.0,22.0,-7.0
9800,-7.0,-39.0,57.0,19.0,22.0,-9.0
9840,3.0,-78.0,69.0,19.0,22.0,-9.0
9880,16.0,-97.0,75.0,16.0,20.0,-11.0
9920,18.0,-94.0,62.0,15.0,17.0,-10.0
9960,8.0,-90.0,68.0,14.0,14.0,-11.0
10000,-4.0,-111.0,72.0,13.0,12.0,-11.0
10040,-7.0,-106.0,66.0,12.0,11.0,-11.0
10080,-5.0,-67.0,64.0,10.0,12.0,-13.0
10120,8.0,-42.0,60.0,10.0,12.0,-12.0
10160,27.0,-50.0,72.0,10.0,16.0,-14.0
10200,54.0,-51.0,84.0,11.0,13.0,-13.0
10240,55.0,24.0,91.0,9.0,16.0,-13.0
10280,35.0,43.0,92.0,8.0,15.0,-13.0
10320,14.0,9.0,97.0,4.0,13.0,-11.0
10360,12.0,8.0,93.0,5.0,11.0,-10.0
10400,15.0,53.0,99.0,2.0,8.0,-11.0
10440,20.0,32.0,97.0,1.0,4.0,-12.0
10480,34.0,-10.0,89.0,1.0,5.0,-12.0
10520,54.0,-16.0,73.0,-2.0,2.0,-12.0
10560,56.0,0.0,72.0,-2.0,2.0,-14.0
10600,46.0,-32.0,71.0,-3.0,2.0,-15.0
10640,53.0,-90.0,72.0,-4.0,-1.0,-14.0
10680,60.0,-63.0,67.0,-4.0,-2.0,-13.0
10720,43.0,-29.0,72.0,-6.0,-2.0,-9.0
10760,27.0,-35.0,65.0,-9.0,-4.0,-8.0
10800,36.0,-45.0,68.0,-8.0,-4.0,-5.0
10840,55.0,2.0,68.0,-7.0,-5.0,-4.0
10880,62.0,4.0,79.0,-9.0,-5.0,-2.0
10920,77.0,-42.0,82.0,-8.0,-4.0,-3.0
10960,99.0,-50.0,76.0,-9.0,-5.0,-4.0
11000,104.0,-35.0,75.0,-10.0,-6.0,-4.0
11040,83.0,-21.0,79.0,-10.0,-8.0,-3.0
11080,69.0,-23.0,63.0,-9.0,-10.0,-2.0
11120,67.0,-4.0,54.0,-11.0,-12.0,-2.0
11160,64.0,35.0,57.0,-13.0,-14.0,-1.0
11200,63.0,38.0,48.0,-12.0,-14.0,-2.0
11240,75.0,27.0,29.0,-14.0,-16.0,-1.0
11280,85.0,46.0,15.0,-14.0,-16.0,0.0
11320,82.0,42.0,16.0,-15.0,-17.0,0.0
11360,78.0,32.0,18.0,-15.0,-17.0,2.0
11400,75.0,47.0,11.0,-17.0,-17.0,4.0
11440,76.0,62.0,-6.0,-17.0,-17.0,9.0
11480,75.0,64.0,-13.0,-18.0,-18.0,12.0
11520,79.0,56.0,-10.0,-18.0,-17.0,15.0
11560,89.0,54.0,-13.0,-18.0,-18.0,13.0
11600,95.0,47.0,-26.0,-17.0,-17.0,17.0
11640,86.0,54.0,-29.0,-17.0,-17.0,14.0
11680,83.0,23.0,-44.0,-16.0,-18.0,12.0
11720,89.0,13.0,-49.0,-17.0,-19.0,13.0
11760,90.0,45.0,-55.0,-17.0,-19.0,12.0
11800,84.0,35.0,-59.0,-17.0,-20.0,11.0
11840,84.0,20.0,-69.0,-17.0,-23.0,14.0
11880,87.0,40.0,-76.0,-19.0,-22.0,15.0
11920,86.0,53.0,-74.0,-20.0,-22.0,16.0
11960,87.0,12.0,-81.0,-20.0,-21.0,17.0
12000,96.0,-7.0,-87.0,-21.0,-19.0,19.0
12040,107.0,-11.0,-92.0,-20.0,-20.0,22.0
12080,106.0,-25.0,-81.0,-19.0,-19.0,24.0
12120,86.0,-19.0,-84.0,-20.0,-19.0,25.0
12160,76.0,-25.0,-99.0,-20.0,-18.0,24.0
12200,72.0,-8.0,-111.0,-20.0,-19.0,24.0
12240,64.0,19.0,-111.0,-19.0,-19.0,24.0
12280,63.0,24.0,-100.0,-19.0,-20.0,20.0
12320,69.0,23.0,-102.0,-17.0,-21.0,21.0
12360,76.0,41.0,-110.0,-17.0,-21.0,17.0
12400,80.0,49.0,-109.0,-18.0,-21.0,17.0
12440,86.0,16.0,-108.0,-16.0,-20.0,16.0
12480,94.0,9.0,-107.0,-17.0,-19.0,15.0
12520,97.0,7.0,-110.0,-16.0,-19.0,15.0
12560,94.0,4.0,-105.0,-14.0,-17.0,14.0
12600,89.0,-9.0,-108.0,-15.0,-17.0,13.0
12640,89.0,-17.0,-112.0,-14.0,-15.0,14.0
12680,82.0,-16.0,-108.0,-14.0,-15.0,12.0
12720,71.0,-31.0,-100.0,-12.0,-14.0,11.0
12760,64.0,-43.0,-99.0,-11.0,-14.0,9.0
12800,58.0,-38.0,-100.0,-11.0,-15.0,8.0
12840,50.0,-28.0,-101.0,-10.0,-14.0,6.0
12880,51.0,-42.0,-95.0,-9.0,-13.0,2.0
12920,52.0,-29.0,-90.0,-10.0,-13.0,-2.0
12960,57.0,-14.0,-85.0,-8.0,-12.0,-5.0
13000,67.0,-10.0,-77.0,-8.0,-12.0,-8.0
13040,75.0,-12.0,-71.0,-6.0,-10.0,-11.0
13080,85.0,-31.0,-58.0,-5.0,-10.0,-11.0
13120,94.0,-17.0,-49.0,-7.0,-10.0,-11.0
13160,91.0,-1.0,-46.0,-3.0,-8.0,-13.0
13200,90.0,-47.0,-33.0,-2.0,-9.0,-13.0
13240,94.0,-67.0,-32.0,-2.0,-7.0,-12.0
13280,85.0,-25.0,-24.0,-2.0,-4.0,-12.0
13320,65.0,-20.0,-11.0,-1.0,-4.0,-10.0
13360,58.0,-53.0,-14.0,-2.0,-4.0,-10.0
13400,58.0,-50.0,-17.0,-1.0,-1.0,-10.0
13440,56.0,-1.0,-15.0,-2.0,-1.0,-12.0
13480,47.0,-10.0,-18.0,0.0,0.0,-12.0
13520,58.0,-58.0,-25.0,1.0,0.0,-14.0
13560,64.0,-23.0,-19.0,0.0,1.0,-17.0
13600,59.0,15.0,-12.0,3.0,3.0,-18.0
13640,50.0,5.0,-4.0,3.0,3.0,-22.0
13680,61.0,-2.0,-13.0,4.0,2.0,-23.0
13720,73.0,25.0,-13.0,5.0,3.0,-27.0
13760,69.0,34.0,4.0,4.0,4.0,-25.0
13800,64.0,0.0,15.0,3.0,3.0,-24.0
13840,73.0,-1.0,13.0,5.0,5.0,-21.0
13880,68.0,20.0,14.0,4.0,6.0,-19.0
13920,50.0,2.0,16.0,4.0,7.0,-14.0
13960,50.0,-42.0,17.0,4.0,8.0,-8.0
14000,59.0,-17.0,16.0,4.0,11.0,-4.0
14040,48.0,10.0,21.0,4.0,13.0,0.0
14080,31.0,-16.0,26.0,3.0,13.0,4.0
14120,35.0,-17.0,18.0,3.0,14.0,6.0
14160,41.0,36.0,5.0,3.0,13.0,7.0
14200,43.0,22.0,6.0,3.0,12.0,4.0
14240,56.0,-2.0,5.0,4.0,12.0,3.0
14280,75.0,14.0,1.0,4.0,14.0,1.0
14320,84.0,45.0,3.0,3.0,14.0,0.0
14360,81.0,21.0,-6.0,5.0,12.0,-3.0
14400,86.0,10.0,-20.0,5.0,12.0,-4.0
14440,94.0,1.0,-29.0,5.0,12.0,1.0
14480,78.0,8.0,-27.0,2.0,12.0,4.0
14520,59.0,-19.0,-31.0,3.0,12.0,10.0
14560,52.0,-30.0,-49.0,3.0,13.0,16.0
14600,46.0,-3.0,-58.0,1.0,15.0,21.0
14640,38.0,14.0,-55.0,1.0,17.0,24.0
14680,40.0,-1.0,-60.0,1.0,19.0,27.0
14720,51.0,14.0,-77.0,0.0,19.0,27.0
14760,57.0,44.0,-76.0,1.0,19.0,26.0
14800,59.0,44.0,-65.0,-2.0,20.0,24.0
14840,54.0,45.0,-64.0,-1.0,18.0,21.0
14880,52.0,62.0,-82.0,-4.0,18.0,17.0
14920,61.0,58.0,-98.0,-3.0,14.0,14.0
14960,68.0,54.0,-87.0,-2.0,13.0,10.0
15000,74.0,43.0,-81.0,-3.0,11.0,9.0
15040,75.0,0.0,-88.0,-4.0,12.0,8.0
15080,58.0,-28.0,-89.0,-5.0,12.0,10.0
15120,23.0,-86.0,-54.0,-7.0,14.0,11.0
15160,-23.0,-119.0,6.0,-9.0,15.0,15.0
15200,-54.0,-82.0,30.0,-8.0,15.0,17.0
15240,-58.0,-23.0,-19.0,-10.0,17.0,19.0
15280,-31.0,-39.0,-124.0,-10.0,17.0,19.0
15320,9.0,-63.0,-171.0,-10.0,18.0,18.0
15360,20.0,-4.0,-133.0,-8.0,18.0,13.0
15400,-2.0,29.0,-59.0,-4.0,13.0,7.0
15440,-31.0,9.0,-31.0,1.0,7.0,4.0
15480,-26.0,34.0,-52.0,-1.0,4.0,2.0
15520,17.0,86.0,-74.0,-8.0,3.0,-2.0
15560,57.0,90.0,-58.0,-10.0,3.0,-8.0
15600,89.0,5.0,-56.0,-13.0,2.0,-14.0
15640,103.0,-45.0,-58.0,-13.0,5.0,-14.0
15680,65.0,-19.0,-59.0,-14.0,6.0,-13.0
15720,-23.0,-23.0,-36.0,-16.0,5.0,-12.0
15760,-109.0,-97.0,5.0,-14.0,5.0,-14.0
15800,-162.0,-114.0,63.0,-13.0,6.0,-12.0
15840,-191.0,-58.0,126.0,-12.0,5.0,-8.0
15880,-190.0,-35.0,173.0,-10.0,5.0,-8.0
15920,-150.0,-14.0,172.0,-9.0,4.0,-8.0
15960,-97.0,-33.0,128.0,-12.0,1.0,-13.0
16000,-68.0,-75.0,85.0,-12.0,1.0,-18.0
16040,-85.0,-29.0,59.0,-14.0,-1.0,-24.0
16080,-102.0,42.0,48.0,-13.0,-8.0,-28.0
16120,-86.0,27.0,51.0,-9.0,-12.0,-34.0
16160,-38.0,-3.0,57.0,-9.0,-14.0,-38.0
16200,11.0,69.0,59.0,-8.0,-14.0,-40.0
16240,32.0,142.0,82.0,-9.0,-16.0,-40.0
16280,22.0,134.0,134.0,-9.0,-16.0,-40.0
16320,6.0,60.0,170.0,-9.0,-13.0,-33.0
16360,-3.0,11.0,196.0,-6.0,-13.0,-27.0
16400,-19.0,37.0,176.0,-8.0,-12.0,-18.0
16440,-38.0,-13.0,148.0,-8.0,-15.0,-10.0
16480,-45.0,-80.0,161.0,-9.0,-16.0,-5.0
16520,-52.0,-65.0,203.0,-10.0,-12.0,2.0
16560,-67.0,-1.0,234.0,-6.0,-10.0,9.0
16600,-83.0,6.0,243.0,-3.0,-14.0,11.0
16640,-57.0,-44.0,232.0,0.0,-18.0,7.0
16680,7.0,-57.0,223.0,-1.0,-20.0,5.0
16720,64.0,-27.0,204.0,2.0,-23.0,3.0
16760,88.0,-9.0,146.0,6.0,-29.0,1.0
16800,98.0,-26.0,88.0,10.0,-35.0,-6.0
16840,96.0,25.0,58.0,13.0,-36.0,-12.0
16880,92.0,79.0,52.0,12.0,-36.0,-9.0
16920,112.0,74.0,36.0,13.0,-32.0,-6.0
16960,162.0,81.0,6.0,14.0,-33.0,-1.0
17000,208.0,103.0,-13.0,15.0,-30.0,1.0
17040,222.0,111.0,-18.0,15.0,-24.0,7.0
17080,214.0,88.0,-49.0,14.0,-20.0,18.0
17120,209.0,59.0,-93.0,17.0,-20.0,26.0
17160,211.0,58.0,-120.0,19.0,-21.0,32.0
17200,208.0,71.0,-132.0,24.0,-25.0,33.0
17240,216.0,65.0,-155.0,25.0,-24.0,34.0
17280,245.0,64.0,-185.0,26.0,-25.0,39.0
17320,267.0,104.0,-197.0,28.0,-27.0,39.0
17360,266.0,132.0,-195.0,26.0,-32.0,39.0
17400,263.0,112.0,-196.0,24.0,-31.0,36.0
17440,271.0,102.0,-217.0,22.0,-31.0,36.0
17480,282.0,114.0,-228.0,21.0,-27.0,38.0
17520,281.0,119.0,-235.0,22.0,-25.0,38.0
17560,274.0,92.0,-247.0,20.0,-21.0,38.0
17600,255.0,66.0,-246.0,21.0,-19.0,38.0
17640,220.0,68.0,-234.0,22.0,-12.0,41.0
17680,179.0,91.0,-203.0,23.0,-8.0,45.0
17720,156.0,83.0,-198.0,22.0,-6.0,47.0
17760,148.0,88.0,-195.0,20.0,-3.0,47.0
17800,149.0,89.0,-199.0,18.0,-2.0,52.0
17840,151.0,90.0,-193.0,14.0,-1.0,54.0
17880,142.0,87.0,-186.0,12.0,-4.0,55.0
17920,124.0,61.0,-172.0,13.0,-3.0,52.0
17960,109.0,32.0,-160.0,12.0,-2.0,47.0
18000,112.0,35.0,-159.0,11.0,1.0,42.0
18040,127.0,35.0,-162.0,8.0,3.0,43.0
18080,132.0,0.0,-147.0,4.0,4.0,40.0
18120,112.0,-21.0,-115.0,5.0,5.0,33.0
18160,72.0,-6.0,-80.0,6.0,8.0,30.0
18200,26.0,15.0,-53.0,3.0,11.0,29.0
18240,-11.0,0.0,-48.0,2.0,13.0,26.0
18280,-26.0,-15.0,-48.0,-1.0,14.0,25.0
18320,-23.0,-23.0,-52.0,0.0,15.0,20.0
18360,-31.0,-5.0,-29.0,3.0,16.0,14.0
18400,-49.0,-25.0,4.0,1.0,17.0,12.0
18440,-57.0,-49.0,39.0,0.0,17.0,10.0
18480,-55.0,-33.0,43.0,0.0,17.0,5.0
18520,-47.0,-11.0,57.0,-2.0,16.0,-1.0
18560,-38.0,-17.0,72.0,-5.0,17.0,-1.0
18600,-30.0,-44.0,82.0,-4.0,14.0,-5.0
18640,-21.0,-44.0,78.0,-5.0,15.0,-7.0
18680,-20.0,-62.0,72.0,-5.0,15.0,-14.0
18720,-31.0,-91.0,72.0,-7.0,15.0,-18.0
18760,-47.0,-141.0,61.0,-7.0,16.0,-22.0
18800,-44.0,-183.0,40.0,-7.0,15.0,-23.0
18840,-35.0,-188.0,36.0,-4.0,17.0,-26.0
18880,-42.0,-195.0,55.0,-6.0,18.0,-31.0
18920,-57.0,-192.0,79.0,-5.0,18.0,-34.0
18960,-59.0,-184.0,87.0,-9.0,21.0,-35.0
19000,-44.0,-148.0,83.0,-7.0,19.0,-38.0
19040,-33.0,-139.0,76.0,-8.0,19.0,-41.0
19080,-14.0,-155.0,78.0,-7.0,18.0,-48.0
19120,12.0,-131.0,81.0,-7.0,14.0,-55.0
19160,27.0,-101.0,82.0,-7.0,11.0,-57.0
19200,35.0,-97.0,81.0,-8.0,9.0,-60.0
19240,44.0,-87.0,73.0,-8.0,6.0,-60.0
19280,66.0,-43.0,66.0,-9.0,5.0,-59.0
19320,77.0,-11.0,65.0,-9.0,7.0,-57.0
19360,87.0,-44.0,84.0,-11.0,8.0,-50.0
19400,95.0,-58.0,85.0,-11.0,11.0,-44.0
19440,98.0,-46.0,45.0,-13.0,13.0,-41.0
19480,99.0,-81.0,-10.0,-15.0,17.0,-40.0
19520,104.0,-120.0,-46.0,-18.0,18.0,-36.0
19560,109.0,-115.0,-72.0,-15.0,19.0,-30.0
19600,110.0,-90.0,-86.0,-16.0,17.0,-25.0
19640,112.0,-68.0,-105.0,-16.0,13.0,-24.0
19680,111.0,-48.0,-112.0,-17.0,10.0,-24.0
19720,112.0,-16.0,-115.0,-19.0,7.0,-20.0
19760,118.0,-6.0,-141.0,-17.0,4.0,-18.0
19800,138.0,-6.0,-173.0,-16.0,5.0,-15.0
19840,157.0,1.0,-193.0,-19.0,5.0,-17.0
19880,176.0,-9.0,-218.0,-21.0,6.0,-15.0
19920,188.0,-25.0,-247.0,-22.0,9.0,-11.0
19960,195.0,3.0,-271.0,-21.0,11.0,-6.0
20000,188.0,-12.0,-265.0,-21.0,10.0,-2.0
20040,175.0,-15.0,-220.0,-25.0,12.0,6.0
20080,153.0,34.0,-214.0,-26.0,14.0,12.0
20120,145.0,81.0,-266.0,-28.0,13.0,22.0
20160,152.0,76.0,-305.0,-30.0,12.0,25.0
20200,159.0,87.0,-304.0,-30.0,13.0,30.0
20240,163.0,61.0,-271.0,-31.0,13.0,34.0
20280,160.0,67.0,-241.0,-30.0,11.0,37.0
20320,144.0,86.0,-243.0,-29.0,7.0,40.0
20360,126.0,64.0,-259.0,-31.0,3.0,40.0
20400,107.0,62.0,-256.0,-35.0,1.0,40.0
20440,91.0,110.0,-243.0,-36.0,2.0,38.0
20480,74.0,118.0,-226.0,-34.0,-1.0,36.0
20520,62.0,88.0,-207.0,-33.0,-2.0,36.0
20560,65.0,87.0,-199.0,-35.0,-1.0,37.0
20600,68.0,102.0,-220.0,-37.0,-1.0,37.0
20640,55.0,63.0,-250.0,-35.0,-1.0,38.0
20680,38.0,34.0,-258.0,-35.0,-1.0,41.0
20720,19.0,28.0,-257.0,-34.0,-3.0,45.0
20760,-5.0,29.0,-260.0,-33.0,-4.0,49.0
20800,-24.0,20.0,-277.0,-33.0,-5.0,53.0
20840,-15.0,14.0,-302.0,-33.0,-5.0,53.0
20880,5.0,3.0,-317.0,-33.0,-7.0,55.0
20920,12.0,-14.0,-312.0,-32.0,-6.0,52.0
20960,-5.0,-56.0,-301.0,-31.0,-8.0,50.0
21000,-22.0,-82.0,-279.0,-30.0,-8.0,41.0
21040,-36.0,-75.0,-274.0,-28.0,-13.0,32.0
21080,-46.0,-65.0,-265.0,-29.0,-17.0,22.0
21120,-53.0,-48.0,-267.0,-29.0,-19.0,13.0
21160,-46.0,-35.0,-275.0,-27.0,-21.0,6.0
21200,-44.0,-2.0,-273.0,-26.0,-23.0,-4.0
21240,-56.0,0.0,-240.0,-23.0,-25.0,-11.0
21280,-69.0,-20.0,-201.0,-21.0,-27.0,-15.0
21320,-74.0,-37.0,-175.0,-18.0,-26.0,-19.0
21360,-77.0,-25.0,-181.0,-18.0,-26.0,-24.0
21400,-82.0,-50.0,-185.0,-18.0,-25.0,-23.0
21440,-91.0,-77.0,-164.0,-20.0,-24.0,-21.0
21480,-110.0,-70.0,-130.0,-18.0,-23.0,-20.0
21520,-136.0,-58.0,-108.0,-18.0,-24.0,-21.0
21560,-158.0,-20.0,-110.0,-18.0,-27.0,-23.0
21600,-171.0,-18.0,-108.0,-20.0,-28.0,-24.0
21640,-174.0,-3.0,-70.0,-16.0,-29.0,-28.0
21680,-172.0,13.0,-24.0,-13.0,-31.0,-33.0
21720,-168.0,28.0,25.0,-13.0,-32.0,-38.0
21760,-164.0,39.0,51.0,-11.0,-33.0,-43.0
21800,-158.0,43.0,54.0,-11.0,-32.0,-49.0
21840,-145.0,58.0,47.0,-10.0,-32.0,-55.0
21880,-131.0,76.0,47.0,-10.0,-29.0,-56.0
21920,-124.0,75.0,32.0,-8.0,-30.0,-58.0
21960,-122.0,35.0,14.0,-6.0,-30.0,-58.0
22000,-127.0,33.0,2.0,-7.0,-30.0,-54.0
22040,-139.0,35.0,-21.0,-5.0,-33.0,-48.0
22080,-145.0,25.0,-27.0,-4.0,-34.0,-42.0
22120,-150.0,10.0,-31.0,-3.0,-33.0,-33.0
22160,-153.0,15.0,-31.0,0.0,-34.0,-21.0
22200,-150.0,-1.0,-30.0,1.0,-33.0,-10.0
22240,-155.0,-22.0,-1.0,3.0,-32.0,1.0
22280,-161.0,-31.0,20.0,2.0,-32.0,9.0
22320,-167.0,18.0,35.0,0.0,-31.0,16.0
22360,-181.0,36.0,7.0,-1.0,-29.0,20.0
22400,-182.0,-35.0,-7.0,1.0,-25.0,18.0
22440,-180.0,-21.0,17.0,1.0,-24.0,18.0
22480,-186.0,56.0,86.0,4.0,-22.0,14.0
22520,-188.0,32.0,141.0,6.0,-24.0,11.0
22560,-168.0,5.0,169.0,8.0,-25.0,11.0
22600,-146.0,49.0,167.0,9.0,-27.0,11.0
22640,-149.0,92.0,192.0,10.0,-28.0,10.0
22680,-178.0,61.0,228.0,13.0,-29.0,9.0
22720,-200.0,7.0,284.0,15.0,-29.0,14.0
22760,-217.0,10.0,359.0,17.0,-30.0,15.0
22800,-244.0,28.0,423.0,17.0,-30.0,20.0
22840,-262.0,26.0,479.0,16.0,-28.0,20.0
22880,-259.0,-6.0,508.0,18.0,-24.0,23.0
22920,-233.0,-36.0,561.0,18.0,-21.0,25.0
22960,-225.0,-6.0,614.0,21.0,-23.0,28.0
23000,-236.0,-1.0,613.0,23.0,-25.0,26.0
23040,-239.0,-24.0,595.0,26.0,-29.0,21.0
23080,-236.0,26.0,570.0,30.0,-33.0,14.0
23120,-229.0,99.0,550.0,35.0,-35.0,10.0
23160,-207.0,70.0,524.0,40.0,-39.0,5.0
23200,-176.0,72.0,489.0,48.0,-41.0,-1.0
23240,-147.0,90.0,436.0,52.0,-40.0,-5.0
23280,-128.0,91.0,403.0,56.0,-40.0,-8.0
23320,-113.0,83.0,342.0,58.0,-40.0,-5.0
23360,-77.0,47.0,275.0,60.0,-38.0,-5.0
23400,-44.0,52.0,222.0,63.0,-35.0,-4.0
23440,-39.0,38.0,179.0,66.0,-33.0,-4.0
23480,-32.0,4.0,158.0,71.0,-33.0,-4.0
23520,-20.0,-32.0,135.0,74.0,-34.0,-7.0
23560,-23.0,-15.0,129.0,76.0,-36.0,-9.0
23600,-29.0,-6.0,115.0,79.0,-38.0,-15.0
23640,-21.0,-5.0,88.0,80.0,-40.0,-17.0
23680,1.0,5.0,74.0,81.0,-40.0,-20.0
23720,17.0,-5.0,84.0,82.0,-43.0,-21.0
23760,24.0,-15.0,93.0,80.0,-43.0,-21.0
23800,33.0,-8.0,77.0,79.0,-42.0,-22.0
23840,25.0,29.0,60.0,80.0,-40.0,-22.0
23880,8.0,-1.0,57.0,77.0,-38.0,-19.0
23920,3.0,-4.0,84.0,76.0,-33.0,-19.0
23960,9.0,14.0,93.0,77.0,-31.0,-16.0
24000,3.0,29.0,111.0,77.0,-26.0,-15.0
24040,-12.0,24.0,137.0,76.0,-24.0,-11.0
24080,-16.0,48.0,143.0,76.0,-21.0,-6.0
24120,-20.0,100.0,142.0,73.0,-21.0,-4.0
24160,-30.0,115.0,133.0,71.0,-19.0,-1.0
24200,-33.0,102.0,127.0,70.0,-18.0,-1.0
24240,-18.0,68.0,115.0,69.0,-16.0,-2.0
24280,-3.0,66.0,106.0,66.0,-14.0,1.0
24320,-1.0,61.0,94.0,63.0,-13.0,0.0
24360,1.0,33.0,80.0,61.0,-12.0,-1.0
24400,4.0,30.0,60.0,57.0,-8.0,1.0
24440,14.0,39.0,31.0,55.0,-6.0,2.0
24480,19.0,46.0,23.0,51.0,-4.0,6.0
24520,17.0,23.0,12.0,49.0,-3.0,11.0
24560,14.0,16.0,2.0,47.0,-1.0,11.0
24600,1.0,40.0,7.0,44.0,-1.0,16.0
24640,-28.0,61.0,30.0,40.0,1.0,23.0
24680,-55.0,46.0,51.0,41.0,3.0,25.0
24720,-60.0,37.0,81.0,38.0,7.0,27.0
24760,-51.0,56.0,122.0,36.0,10.0,28.0
24800,-45.0,51.0,181.0,32.0,12.0,31.0
24840,-56.0,64.0,223.0,29.0,15.0,36.0
24880,-63.0,75.0,252.0,27.0,17.0,38.0
24920,-68.0,87.0,279.0,23.0,16.0,36.0
24960,-76.0,94.0,320.0,19.0,16.0,37.0
25000,-77.0,64.0,360.0,19.0,15.0,37.0
25040,-61.0,36.0,394.0,15.0,14.0,36.0
25080,-47.0,33.0,414.0,13.0,11.0,36.0
25120,-44.0,36.0,443.0,10.0,11.0,34.0
25160,-46.0,20.0,444.0,8.0,12.0,38.0
25200,-37.0,2.0,440.0,7.0,12.0,38.0
25240,-21.0,-6.0,429.0,6.0,12.0,41.0
25280,-9.0,-28.0,416.0,5.0,14.0,41.0
25320,-2.0,-38.0,400.0,2.0,16.0,43.0
25360,17.0,-64.0,375.0,2.0,17.0,41.0
25400,33.0,-69.0,339.0,1.0,17.0,39.0
25440,40.0,-69.0,325.0,3.0,17.0,34.0
25480,46.0,-79.0,309.0,3.0,17.0,28.0
25520,54.0,-63.0,282.0,3.0,15.0,22.0
25560,67.0,-52.0,256.0,4.0,14.0,15.0
25600,76.0,-43.0,231.0,3.0,15.0,11.0
25640,81.0,-23.0,191.0,2.0,12.0,4.0
25680,81.0,7.0,142.0,1.0,10.0,0.0
25720,84.0,-3.0,105.0,1.0,10.0,-5.0
25760,87.0,-14.0,85.0,0.0,9.0,-10.0
25800,94.0,-25.0,72.0,1.0,9.0,-11.0
25840,105.0,-39.0,58.0,-3.0,12.0,-15.0
25880,114.0,-50.0,28.0,-2.0,13.0,-16.0
25920,122.0,-67.0,13.0,-5.0,14.0,-16.0
25960,126.0,-77.0,4.0,-9.0,12.0,-16.0
26000,121.0,-67.0,-3.0,-10.0,11.0,-16.0
26040,115.0,-73.0,-10.0,-12.0,10.0,-18.0
26080,117.0,-73.0,-16.0,-14.0,10.0,-19.0
26120,123.0,-60.0,-27.0,-16.0,11.0,-21.0
26160,139.0,-57.0,-39.0,-17.0,12.0,-24.0
26200,157.0,-51.0,-54.0,-18.0,13.0,-28.0
26240,170.0,-43.0,-62.0,-17.0,16.0,-35.0
26280,175.0,-39.0,-60.0,-19.0,16.0,-42.0
26320,177.0,-30.0,-74.0,-20.0,20.0,-48.0
26360,180.0,-18.0,-109.0,-20.0,18.0,-50.0
26400,178.0,-13.0,-146.0,-22.0,17.0,-52.0
26440,171.0,12.0,-186.0,-24.0,17.0,-54.0
26480,157.0,11.0,-227.0,-25.0,16.0,-52.0
26520,147.0,-7.0,-254.0,-28.0,15.0,-49.0
26560,135.0,-14.0,-269.0,-28.0,16.0,-47.0
26600,129.0,-23.0,-278.0,-30.0,15.0,-42.0
26640,124.0,-21.0,-286.0,-32.0,16.0,-36.0
26680,126.0,-38.0,-312.0,-32.0,16.0,-30.0
26720,136.0,-61.0,-339.0,-33.0,17.0,-23.0
26760,145.0,-52.0,-343.0,-35.0,18.0,-20.0
26800,144.0,-38.0,-331.0,-34.0,16.0,-16.0
26840,145.0,-57.0,-320.0,-34.0,17.0,-12.0
26880,160.0,-51.0,-322.0,-34.0,17.0,-9.0
26920,184.0,-35.0,-328.0,-34.0,14.0,-8.0
26960,203.0,-44.0,-307.0,-33.0,13.0,-7.0
27000,213.0,-44.0,-288.0,-33.0,12.0,-9.0
27040,215.0,-51.0,-268.0,-31.0,11.0,-8.0
27080,210.0,-62.0,-250.0,-31.0,10.0,-6.0
27120,199.0,-44.0,-242.0,-32.0,10.0,-3.0
27160,194.0,-56.0,-228.0,-31.0,9.0,-1.0
27200,190.0,-75.0,-218.0,-32.0,8.0,0.0
27240,179.0,-58.0,-200.0,-30.0,8.0,2.0
27280,163.0,-67.0,-168.0,-29.0,8.0,5.0
27320,146.0,-78.0,-139.0,-29.0,7.0,7.0
27360,135.0,-62.0,-137.0,-26.0,6.0,9.0
27400,140.0,-46.0,-131.0,-25.0,5.0,9.0
27440,147.0,-29.0,-134.0,-23.0,4.0,10.0
27480,158.0,-29.0,-149.0,-20.0,2.0,12.0
27520,165.0,-5.0,-147.0,-19.0,-1.0,10.0
27560,168.0,32.0,-142.0,-16.0,-3.0,9.0
27600,180.0,10.0,-142.0,-13.0,-5.0,11.0
27640,200.0,7.0,-138.0,-12.0,-4.0,9.0
27680,218.0,29.0,-136.0,-9.0,-5.0,11.0
27720,231.0,14.0,-126.0,-7.0,-5.0,9.0
27760,238.0,-20.0,-112.0,-4.0,-4.0,8.0
27800,233.0,-30.0,-103.0,-3.0,-3.0,10.0
27840,219.0,-31.0,-102.0,1.0,-3.0,10.0
27880,196.0,-15.0,-123.0,1.0,-4.0,12.0
27920,178.0,-10.0,-146.0,4.0,-5.0,11.0
27960,176.0,-21.0,-143.0,7.0,-8.0,12.0
28000,176.0,-8.0,-126.0,8.0,-6.0,12.0
28040,177.0,5.0,-108.0,10.0,-6.0,10.0
28080,173.0,-9.0,-98.0,12.0,-7.0,8.0
28120,164.0,10.0,-91.0,13.0,-6.0,3.0
28160,154.0,32.0,-103.0,11.0,-6.0,0.0
28200,144.0,53.0,-120.0,11.0,-5.0,-2.0
28240,141.0,57.0,-136.0,11.0,-3.0,-6.0
28280,142.0,75.0,-138.0,12.0,-1.0,-8.0
28320,141.0,95.0,-131.0,13.0,0.0,-9.0
28360,141.0,104.0,-118.0,15.0,0.0,-7.0
28400,147.0,111.0,-115.0,17.0,1.0,-5.0
28440,157.0,91.0,-105.0,18.0,2.0,-5.0
28480,161.0,104.0,-95.0,17.0,5.0,-2.0
28520,157.0,83.0,-95.0,17.0,5.0,1.0
28560,153.0,65.0,-109.0,16.0,8.0,4.0
28600,146.0,42.0,-125.0,17.0,8.0,7.0
28640,137.0,48.0,-151.0,17.0,7.0,10.0
28680,119.0,47.0,-175.0,15.0,8.0,10.0
28720,118.0,10.0,-204.0,15.0,9.0,10.0
28760,113.0,17.0,-196.0,15.0,11.0,8.0
28800,109.0,6.0,-181.0,15.0,11.0,7.0
28840,104.0,7.0,-162.0,16.0,11.0,5.0
28880,101.0,-10.0,-163.0,16.0,12.0,1.0
28920,90.0,10.0,-168.0,14.0,12.0,0.0
28960,65.0,38.0,-174.0,13.0,14.0,1.0
29000,44.0,29.0,-180.0,11.0,15.0,2.0
29040,35.0,43.0,-186.0,8.0,15.0,5.0
29080,35.0,30.0,-180.0,11.0,17.0,9.0
29120,29.0,45.0,-161.0,9.0,17.0,12.0
29160,20.0,42.0,-147.0,10.0,19.0,17.0
29200,11.0,52.0,-132.0,11.0,21.0,19.0
29240,3.0,46.0,-114.0,9.0,24.0,22.0
29280,-1.0,22.0,-89.0,11.0,24.0,23.0
29320,-7.0,41.0,-80.0,10.0,24.0,24.0
29360,-13.0,8.0,-80.0,9.0,22.0,27.0
29400,-12.0,-18.0,-74.0,10.0,22.0,24.0
29440,-3.0,-58.0,-81.0,7.0,20.0,21.0
29480,-2.0,-59.0,-66.0,7.0,20.0,18.0
29520,-10.0,-91.0,-53.0,7.0,19.0,15.0
29560,-26.0,-135.0,-30.0,5.0,18.0,12.0
29600,-35.0,-135.0,-4.0,6.0,18.0,7.0
29640,-46.0,-130.0,15.0,7.0,18.0,4.0
29680,-61.0,-150.0,14.0,5.0,19.0,2.0
29720,-85.0,-181.0,13.0,6.0,19.0,0.0
29760,-114.0,-118.0,13.0,5.0,20.0,-3.0
29800,-152.0,-82.0,-4.0,7.0,19.0,-4.0
29840,-170.0,-113.0,-15.0,10.0,18.0,-7.0
29880,-168.0,-105.0,-16.0,11.0,17.0,-7.0
29920,-165.0,-43.0,7.0,14.0,18.0,-12.0
29960,-169.0,-27.0,28.0,14.0,19.0,-17.0
30000,-174.0,-30.0,40.0,15.0,16.0,-20.0
30040,-177.0,-7.0,44.0,14.0,14.0,-24.0
30080,-185.0,35.0,68.0,12.0,10.0,-27.0
30120,-196.0,65.0,93.0,11.0,7.0,-29.0
30160,-188.0,61.0,87.0,9.0,3.0,-32.0
30200,-160.0,68.0,97.0,9.0,4.0,-31.0
30240,-131.0,81.0,127.0,10.0,2.0,-32.0
30280,-114.0,81.0,161.0,8.0,1.0,-29.0
30320,-103.0,43.0,187.0,9.0,0.0,-27.0
30360,-95.0,16.0,201.0,8.0,-1.0,-24.0
30400,-103.0,18.0,213.0,8.0,-4.0,-18.0
30440,-110.0,-33.0,207.0,8.0,-3.0,-15.0
30480,-98.0,-73.0,190.0,6.0,-5.0,-7.0
30520,-83.0,-79.0,162.0,5.0,-4.0,-4.0
30560,-81.0,-77.0,135.0,5.0,-6.0,1.0
30600,-75.0,-128.0,103.0,5.0,-7.0,3.0
30640,-56.0,-140.0,63.0,6.0,-8.0,6.0
30680,-42.0,-123.0,44.0,7.0,-10.0,7.0
30720,-41.0,-116.0,23.0,7.0,-13.0,5.0
30760,-38.0,-125.0,-16.0,9.0,-14.0,7.0
30800,-21.0,-104.0,-65.0,7.0,-17.0,8.0
30840,-11.0,-51.0,-90.0,6.0,-19.0,9.0
30880,-3.0,-23.0,-119.0,7.0,-19.0,10.0
30920,21.0,-18.0,-168.0,6.0,-19.0,13.0
30960,51.0,-9.0,-203.0,6.0,-19.0,15.0
31000,73.0,19.0,-231.0,4.0,-19.0,18.0
31040,78.0,27.0,-247.0,2.0,-18.0,20.0
31080,90.0,9.0,-276.0,3.0,-18.0,21.0
31120,98.0,9.0,-288.0,0.0,-19.0,24.0
31160,98.0,28.0,-278.0,-3.0,-19.0,26.0
31200,95.0,43.0,-273.0,-1.0,-19.0,27.0
31240,107.0,37.0,-279.0,-3.0,-20.0,26.0
31280,122.0,66.0,-287.0,-7.0,-19.0,25.0
31320,127.0,69.0,-264.0,-7.0,-18.0,25.0
31360,132.0,62.0,-244.0,-7.0,-19.0,23.0
31400,134.0,64.0,-230.0,-9.0,-18.0,19.0
31440,122.0,58.0,-211.0,-11.0,-18.0,16.0
31480,94.0,47.0,-179.0,-12.0,-17.0,15.0
31520,58.0,45.0,-154.0,-16.0,-18.0,14.0
31560,18.0,69.0,-131.0,-18.0,-19.0,13.0
31600,-18.0,47.0,-98.0,-20.0,-18.0,15.0
31640,-53.0,47.0,-58.0,-23.0,-17.0,17.0
31680,-80.0,81.0,-41.0,-22.0,-15.0,19.0
31720,-99.0,80.0,-43.0,-23.0,-14.0,24.0
31760,-112.0,67.0,-45.0,-22.0,-14.0,24.0
31800,-127.0,53.0,-24.0,-23.0,-14.0,27.0
31840,-139.0,61.0,-4.0,-22.0,-13.0,26.0
31880,-150.0,42.0,2.0,-24.0,-16.0,27.0
31920,-149.0,40.0,6.0,-22.0,-13.0,25.0
31960,-147.0,36.0,17.0,-26.0,-15.0,24.0
32000,-141.0,-28.0,-6.0,-27.0,-15.0,22.0
32040,-131.0,-43.0,-43.0,-26.0,-15.0,17.0
32080,-137.0,-31.0,-68.0,-24.0,-15.0,13.0
32120,-153.0,-81.0,-62.0,-25.0,-16.0,10.0
32160,-174.0,-136.0,-28.0,-25.0,-15.0,5.0
32200,-187.0,-109.0,-18.0,-23.0,-15.0,-3.0
32240,-195.0,-65.0,-23.0,-24.0,-16.0,-9.0
32280,-209.0,-53.0,-17.0,-23.0,-18.0,-16.0
32320,-226.0,-72.0,-2.0,-22.0,-19.0,-24.0
32360,-232.0,-41.0,45.0,-21.0,-19.0,-29.0
32400,-251.0,45.0,75.0,-20.0,-21.0,-35.0
32440,-261.0,68.0,84.0,-20.0,-22.0,-37.0
32480,-247.0,46.0,95.0,-18.0,-22.0,-41.0
32520,-223.0,59.0,114.0,-16.0,-22.0,-41.0
32560,-221.0,75.0,157.0,-14.0,-23.0,-41.0
32600,-246.0,52.0,175.0,-13.0,-25.0,-42.0
32640,-282.0,35.0,186.0,-14.0,-27.0,-40.0
32680,-310.0,32.0,199.0,-15.0,-26.0,-37.0
32720,-332.0,56.0,209.0,-15.0,-26.0,-36.0
32760,-326.0,57.0,205.0,-15.0,-26.0,-35.0
32800,-283.0,33.0,196.0,-13.0,-26.0,-33.0
32840,-231.0,19.0,194.0,-12.0,-24.0,-32.0
32880,-203.0,30.0,194.0,-13.0,-23.0,-32.0
32920,-188.0,16.0,173.0,-10.0,-24.0,-31.0
32960,-175.0,-5.0,119.0,-9.0,-26.0,-34.0
33000,-153.0,7.0,87.0,-7.0,-25.0,-34.0
33040,-129.0,6.0,52.0,-6.0,-26.0,-33.0
33080,-100.0,-25.0,5.0,-4.0,-27.0,-33.0
33120,-69.0,-28.0,-35.0,-3.0,-26.0,-33.0
33160,-47.0,-7.0,-90.0,-2.0,-28.0,-32.0
33200,-44.0,-28.0,-148.0,-1.0,-26.0,-28.0
33240,-49.0,-47.0,-211.0,1.0,-25.0,-23.0
33280,-45.0,-31.0,-267.0,2.0,-23.0,-19.0
33320,-34.0,-46.0,-284.0,3.0,-21.0,-14.0
33360,-29.0,-48.0,-299.0,4.0,-18.0,-7.0
33400,-33.0,-12.0,-318.0,3.0,-15.0,0.0
33440,-31.0,29.0,-319.0,2.0,-12.0,7.0
33480,-34.0,69.0,-297.0,0.0,-9.0,13.0
33520,-38.0,100.0,-284.0,-1.0,-7.0,19.0
33560,-30.0,138.0,-268.0,-2.0,-5.0,21.0
33600,-7.0,128.0,-249.0,-3.0,-5.0,26.0
33640,8.0,136.0,-213.0,-4.0,-5.0,25.0
33680,11.0,105.0,-172.0,-6.0,-7.0,25.0
33720,9.0,72.0,-135.0,-6.0,-6.0,28.0
33760,3.0,79.0,-95.0,-8.0,-5.0,27.0
33800,-8.0,91.0,-81.0,-9.0,-2.0,27.0
33840,-8.0,62.0,-63.0,-12.0,1.0,30.0
33880,16.0,64.0,-49.0,-12.0,3.0,29.0
33920,37.0,113.0,-39.0,-11.0,5.0,33.0
33960,42.0,89.0,-23.0,-7.0,7.0,36.0
34000,46.0,62.0,-1.0,-9.0,8.0,38.0
34040,39.0,100.0,3.0,-9.0,10.0,39.0
34080,26.0,118.0,9.0,-9.0,11.0,40.0
34120,21.0,93.0,3.0,-11.0,14.0,42.0
34160,32.0,97.0,-2.0,-10.0,16.0,41.0
34200,40.0,131.0,0.0,-11.0,18.0,41.0
34240,24.0,133.0,20.0,-11.0,20.0,42.0
34280,6.0,133.0,12.0,-9.0,22.0,38.0
34320,-6.0,132.0,0.0,-8.0,22.0,37.0
34360,-13.0,131.0,7.0,-7.0,22.0,36.0
34400,-27.0,125.0,15.0,-5.0,21.0,32.0
34440,-34.0,70.0,10.0,-3.0,18.0,33.0
34480,-24.0,26.0,8.0,-2.0,16.0,31.0
34520,-18.0,42.0,3.0,-1.0,17.0,31.0
34560,-19.0,60.0,-4.0,-1.0,17.0,27.0
34600,-11.0,50.0,-16.0,0.0,19.0,27.0
34640,19.0,38.0,-25.0,1.0,22.0,26.0
34680,63.0,18.0,-37.0,4.0,25.0,24.0
34720,92.0,7.0,-34.0,6.0,25.0,19.0
34760,103.0,-14.0,-40.0,7.0,24.0,16.0
34800,101.0,-69.0,-43.0,9.0,23.0,12.0
34840,84.0,-64.0,-42.0,10.0,20.0,8.0
34880,58.0,-54.0,-52.0,11.0,20.0,1.0
34920,50.0,-103.0,-59.0,11.0,19.0,-4.0
34960,64.0,-105.0,-54.0,11.0,22.0,-11.0
35000,72.0,-53.0,-49.0,12.0,23.0,-20.0
35040,67.0,-70.0,-63.0,13.0,24.0,-25.0
35080,49.0,-51.0,-58.0,14.0,28.0,-30.0
35120,26.0,17.0,-58.0,15.0,27.0,-36.0
35160,11.0,16.0,-56.0,15.0,27.0,-44.0
35200,6.0,-20.0,-46.0,17.0,27.0,-43.0
35240,11.0,-9.0,-48.0,18.0,25.0,-46.0
35280,15.0,12.0,-47.0,16.0,25.0,-46.0
35320,-4.0,30.0,-60.0,15.0,25.0,-48.0
35360,-29.0,24.0,-100.0,13.0,26.0,-48.0
35400,-24.0,-18.0,-123.0,14.0,30.0,-48.0
35440,-13.0,-31.0,-119.0,14.0,31.0,-46.0
35480,-5.0,-67.0,-121.0,13.0,31.0,-44.0
35520,0.0,-146.0,-148.0,12.0,31.0,-43.0
35560,-1.0,-154.0,-165.0,12.0,31.0,-39.0
35600,-14.0,-113.0,-185.0,12.0,30.0,-40.0
35640,-15.0,-138.0,-199.0,11.0,30.0,-39.0
35680,5.0,-151.0,-208.0,11.0,31.0,-39.0
35720,45.0,-140.0,-216.0,10.0,32.0,-43.0
35760,67.0,-161.0,-235.0,10.0,34.0,-46.0
35800,79.0,-252.0,-259.0,9.0,34.0,-43.0
35840,54.0,-142.0,-272.0,10.0,33.0,-45.0
35880,6.0,-65.0,-305.0,7.0,33.0,-44.0
35920,-24.0,-193.0,-302.0,9.0,32.0,-40.0
35960,-4.0,-119.0,-306.0,8.0,32.0,-36.0
36000,49.0,-33.0,-336.0,7.0,32.0,-34.0
36040,93.0,-49.0,-332.0,8.0,29.0,-34.0
36080,102.0,-45.0,-355.0,4.0,30.0,-28.0
36120,103.0,-6.0,-388.0,2.0,31.0,-25.0
36160,104.0,24.0,-342.0,-1.0,30.0,-18.0
36200,90.0,49.0,-333.0,-1.0,30.0,-17.0
36240,100.0,62.0,-349.0,-2.0,29.0,-11.0
36280,160.0,-53.0,-337.0,-4.0,30.0,-5.0
36320,198.0,0.0,-317.0,-5.0,30.0,4.0
36360,178.0,78.0,-302.0,-7.0,30.0,7.0
36400,139.0,-17.0,-299.0,-10.0,29.0,10.0
36440,111.0,-31.0,-275.0,-10.0,29.0,14.0
36480,99.0,-12.0,-264.0,-12.0,29.0,18.0
36520,109.0,-39.0,-244.0,-12.0,27.0,20.0
36560,137.0,-83.0,-238.0,-13.0,26.0,21.0
36600,162.0,-83.0,-249.0,-13.0,23.0,20.0
36640,154.0,-45.0,-212.0,-15.0,23.0,24.0
36680,128.0,-47.0,-181.0,-15.0,22.0,28.0
36720,109.0,5.0,-173.0,-13.0,19.0,28.0
36760,116.0,-20.0,-163.0,-13.0,17.0,30.0
36800,131.0,-12.0,-130.0,-14.0,17.0,32.0
36840,132.0,1.0,-125.0,-15.0,14.0,37.0
36880,128.0,2.0,-117.0,-17.0,14.0,40.0
36920,95.0,25.0,-97.0,-17.0,11.0,42.0
36960,68.0,-20.0,-76.0,-17.0,12.0,44.0
37000,57.0,-44.0,-45.0,-18.0,13.0,46.0
37040,77.0,-82.0,-35.0,-19.0,13.0,49.0
37080,110.0,-98.0,-25.0,-20.0,10.0,50.0
37120,123.0,-132.0,-11.0,-23.0,9.0,45.0
37160,113.0,-142.0,11.0,-22.0,10.0,44.0
37200,85.0,-116.0,32.0,-18.0,6.0,40.0
37240,57.0,-100.0,38.0,-18.0,2.0,34.0
37280,40.0,-95.0,64.0,-16.0,-1.0,27.0
37320,67.0,-113.0,70.0,-15.0,-4.0,17.0
37360,98.0,-85.0,79.0,-15.0,-5.0,10.0
37400,109.0,-60.0,94.0,-16.0,-7.0,1.0
37440,94.0,-57.0,105.0,-15.0,-9.0,-9.0
37480,75.0,-71.0,107.0,-15.0,-10.0,-14.0
37520,56.0,-60.0,104.0,-14.0,-11.0,-21.0
37560,28.0,-34.0,112.0,-13.0,-11.0,-26.0
37600,12.0,-46.0,94.0,-12.0,-11.0,-30.0
37640,7.0,-40.0,100.0,-11.0,-12.0,-33.0
37680,2.0,-20.0,97.0,-8.0,-12.0,-33.0
37720,-15.0,-13.0,110.0,-10.0,-13.0,-34.0
37760,-26.0,-21.0,112.0,-8.0,-14.0,-32.0
37800,-25.0,-25.0,96.0,-8.0,-16.0,-36.0
37840,-20.0,-27.0,72.0,-7.0,-15.0,-36.0
37880,-16.0,-63.0,59.0,-8.0,-17.0,-36.0
37920,-16.0,-49.0,44.0,-6.0,-21.0,-35.0
37960,-21.0,-44.0,21.0,-7.0,-24.0,-35.0
38000,-31.0,-56.0,30.0,-5.0,-26.0,-37.0
38040,-40.0,-86.0,26.0,-5.0,-25.0,-37.0
38080,-38.0,-83.0,22.0,-2.0,-25.0,-40.0
38120,-15.0,-96.0,10.0,-3.0,-24.0,-43.0
38160,2.0,-134.0,-2.0,-3.0,-23.0,-44.0
38200,6.0,-142.0,-14.0,-2.0,-23.0,-47.0
38240,-7.0,-135.0,-14.0,-1.0,-25.0,-46.0
38280,-27.0,-110.0,-17.0,0.0,-25.0,-47.0
38320,-46.0,-90.0,-36.0,-2.0,-27.0,-47.0
38360,-48.0,-92.0,-23.0,-1.0,-27.0,-44.0
38400,-30.0,-70.0,-17.0,-1.0,-26.0,-40.0
38440,-18.0,-41.0,-8.0,0.0,-25.0,-35.0
38480,-13.0,-9.0,0.0,2.0,-26.0,-31.0
38520,-17.0,-4.0,10.0,2.0,-25.0,-26.0
38560,-20.0,-3.0,3.0,1.0,-24.0,-20.0
38600,-19.0,20.0,1.0,2.0,-22.0,-16.0
38640,-23.0,41.0,-8.0,3.0,-24.0,-12.0
38680,-28.0,30.0,-18.0,3.0,-25.0,-9.0
38720,-38.0,42.0,-12.0,2.0,-25.0,-4.0
38760,-56.0,93.0,-20.0,4.0,-25.0,-3.0
38800,-59.0,96.0,-18.0,6.0,-27.0,2.0
38840,-42.0,106.0,-4.0,6.0,-28.0,2.0
38880,-14.0,112.0,11.0,5.0,-25.0,6.0
38920,8.0,93.0,24.0,8.0,-26.0,11.0
38960,26.0,111.0,28.0,9.0,-24.0,15.0
39000,30.0,132.0,27.0,9.0,-25.0,17.0
39040,18.0,131.0,28.0,7.0,-25.0,24.0
39080,11.0,116.0,39.0,6.0,-23.0,29.0
39120,21.0,116.0,53.0,6.0,-22.0,36.0
39160,50.0,128.0,60.0,8.0,-20.0,40.0
39200,70.0,102.0,73.0,8.0,-19.0,45.0
39240,87.0,79.0,95.0,8.0,-15.0,51.0
39280,91.0,75.0,121.0,10.0,-12.0,55.0
39320,74.0,105.0,135.0,9.0,-13.0,60.0
39360,56.0,87.0,140.0,10.0,-13.0,60.0
39400,42.0,70.0,145.0,10.0,-10.0,61.0
39440,39.0,96.0,146.0,11.0,-7.0,63.0
39480,33.0,104.0,161.0,11.0,-5.0,60.0
39520,31.0,110.0,160.0,12.0,-6.0,57.0
39560,27.0,121.0,163.0,12.0,-4.0,53.0
39600,24.0,134.0,168.0,14.0,-2.0,50.0
39640,20.0,131.0,176.0,17.0,1.0,48.0
39680,28.0,129.0,172.0,17.0,0.0,47.0
39720,26.0,154.0,156.0,18.0,0.0,44.0
39760,13.0,152.0,145.0,17.0,1.0,42.0
39800,-8.0,158.0,142.0,20.0,3.0,42.0
39840,-20.0,161.0,149.0,20.0,7.0,39.0
39880,-20.0,145.0,151.0,22.0,8.0,37.0
39920,-19.0,112.0,164.0,21.0,12.0,35.0
39960,-15.0,89.0,162.0,22.0,17.0,31.0
40000,-6.0,74.0,156.0,20.0,20.0,29.0
40040,-14.0,58.0,155.0,21.0,23.0,25.0
40080,-41.0,44.0,159.0,21.0,24.0,23.0
40120,-76.0,49.0,171.0,22.0,25.0,16.0
40160,-104.0,36.0,150.0,22.0,26.0,11.0
40200,-133.0,75.0,146.0,23.0,29.0,5.0
40240,-141.0,95.0,138.0,21.0,31.0,-3.0
40280,-135.0,59.0,152.0,24.0,32.0,-13.0
40320,-129.0,45.0,154.0,24.0,35.0,-18.0
40360,-138.0,62.0,141.0,23.0,36.0,-29.0
40400,-163.0,67.0,134.0,24.0,37.0,-34.0
40440,-187.0,32.0,130.0,24.0,38.0,-39.0
40480,-206.0,3.0,113.0,23.0,39.0,-43.0
40520,-220.0,31.0,94.0,21.0,40.0,-44.0
40560,-238.0,45.0,75.0,23.0,40.0,-44.0
40600,-257.0,30.0,70.0,21.0,41.0,-44.0
40640,-257.0,-22.0,64.0,22.0,41.0,-43.0
40680,-247.0,-39.0,74.0,23.0,44.0,-43.0
40720,-246.0,-39.0,62.0,23.0,46.0,-42.0
40760,-255.0,-83.0,32.0,22.0,47.0,-42.0
40800,-260.0,-124.0,26.0,21.0,46.0,-39.0
40840,-271.0,-134.0,22.0,21.0,46.0,-38.0
40880,-295.0,-104.0,36.0,21.0,46.0,-40.0
40920,-313.0,-95.0,23.0,21.0,43.0,-38.0
40960,-307.0,-93.0,9.0,19.0,41.0,-41.0
41000,-284.0,-80.0,10.0,20.0,42.0,-42.0
41040,-263.0,-81.0,21.0,21.0,43.0,-45.0
41080,-247.0,-81.0,18.0,21.0,42.0,-45.0
41120,-236.0,-101.0,6.0,18.0,40.0,-47.0
41160,-241.0,-78.0,18.0,20.0,38.0,-48.0
41200,-253.0,-78.0,21.0,18.0,38.0,-44.0
41240,-247.0,-94.0,17.0,17.0,36.0,-43.0
41280,-230.0,-67.0,-6.0,17.0,34.0,-40.0
41320,-224.0,-60.0,-10.0,15.0,35.0,-37.0
41360,-221.0,-68.0,15.0,16.0,36.0,-33.0
41400,-218.0,-74.0,20.0,15.0,36.0,-29.0
41440,-210.0,-66.0,12.0,15.0,35.0,-24.0
41480,-202.0,-64.0,6.0,14.0,31.0,-25.0
41520,-192.0,-50.0,-2.0,14.0,29.0,-22.0
41560,-174.0,-67.0,1.0,13.0,27.0,-18.0
41600,-159.0,-47.0,5.0,15.0,25.0,-15.0
41640,-151.0,-13.0,10.0,15.0,21.0,-12.0
41680,-135.0,5.0,14.0,15.0,16.0,-9.0
41720,-116.0,18.0,17.0,14.0,15.0,-7.0
41760,-87.0,2.0,38.0,15.0,16.0,-6.0
41800,-53.0,7.0,71.0,14.0,14.0,-2.0
41840,-29.0,10.0,85.0,16.0,12.0,2.0
41880,-27.0,11.0,87.0,16.0,11.0,5.0
41920,-38.0,-16.0,80.0,16.0,8.0,10.0
41960,-47.0,-6.0,80.0,13.0,7.0,14.0
42000,-42.0,-4.0,94.0,12.0,3.0,19.0
42040,-38.0,-11.0,91.0,14.0,2.0,25.0
42080,-26.0,-10.0,97.0,12.0,1.0,29.0
42120,-3.0,-5.0,127.0,14.0,0.0,31.0
42160,14.0,31.0,157.0,14.0,0.0,35.0
42200,29.0,19.0,173.0,14.0,-4.0,33.0
42240,46.0,18.0,187.0,13.0,-3.0,31.0
42280,52.0,55.0,184.0,12.0,-6.0,30.0
42320,53.0,33.0,190.0,13.0,-8.0,26.0
42360,58.0,34.0,198.0,13.0,-10.0,24.0
42400,63.0,46.0,198.0,13.0,-15.0,21.0
42440,63.0,75.0,205.0,13.0,-15.0,17.0
42480,63.0,59.0,219.0,14.0,-18.0,18.0
42520,72.0,44.0,218.0,13.0,-20.0,17.0
42560,78.0,40.0,228.0,15.0,-20.0,15.0
42600,71.0,41.0,230.0,16.0,-22.0,17.0
42640,46.0,46.0,207.0,17.0,-22.0,17.0
42680,29.0,35.0,173.0,17.0,-22.0,16.0
42720,19.0,44.0,154.0,17.0,-24.0,18.0
42760,9.0,59.0,147.0,20.0,-25.0,17.0
42800,4.0,61.0,150.0,20.0,-25.0,15.0
42840,9.0,57.0,139.0,19.0,-28.0,16.0
42880,9.0,64.0,135.0,20.0,-28.0,11.0
42920,-6.0,78.0,145.0,19.0,-30.0,11.0
42960,-24.0,49.0,147.0,19.0,-32.0,8.0
43000,-38.0,29.0,142.0,18.0,-35.0,5.0
43040,-58.0,19.0,133.0,20.0,-37.0,4.0
43080,-80.0,2.0,123.0,17.0,-39.0,3.0
43120,-87.0,-45.0,97.0,18.0,-41.0,4.0
43160,-89.0,-58.0,79.0,16.0,-41.0,3.0
43200,-96.0,-64.0,83.0,16.0,-40.0,4.0
43240,-117.0,-94.0,87.0,17.0,-40.0,5.0
43280,-128.0,-122.0,77.0,17.0,-40.0,4.0
43320,-131.0,-129.0,79.0,17.0,-39.0,1.0
43360,-142.0,-137.0,79.0,15.0,-38.0,-2.0
43400,-161.0,-157.0,80.0,14.0,-39.0,-6.0
43440,-177.0,-144.0,66.0,13.0,-41.0,-10.0
43480,-188.0,-132.0,41.0,13.0,-41.0,-14.0
43520,-197.0,-149.0,39.0,13.0,-40.0,-20.0
43560,-206.0,-144.0,59.0,13.0,-43.0,-26.0
43600,-210.0,-126.0,55.0,11.0,-45.0,-31.0
43640,-210.0,-134.0,48.0,13.0,-46.0,-38.0
43680,-219.0,-135.0,50.0,12.0,-47.0,-42.0
43720,-241.0,-105.0,54.0,11.0,-46.0,-48.0
43760,-258.0,-100.0,76.0,10.0,-47.0,-47.0
43800,-276.0,-64.0,76.0,9.0,-48.0,-51.0
43840,-282.0,-41.0,51.0,7.0,-48.0,-49.0
43880,-271.0,-38.0,48.0,8.0,-49.0,-48.0
43920,-255.0,-28.0,56.0,7.0,-49.0,-46.0
43960,-250.0,7.0,75.0,8.0,-49.0,-45.0
44000,-243.0,0.0,83.0,7.0,-49.0,-43.0
44040,-225.0,-20.0,87.0,7.0,-49.0,-39.0
44080,-206.0,-1.0,99.0,7.0,-48.0,-39.0
44120,-191.0,8.0,102.0,6.0,-49.0,-37.0
44160,-177.0,-34.0,95.0,4.0,-49.0,-36.0
44200,-156.0,-38.0,80.0,4.0,-50.0,-33.0
44240,-138.0,-31.0,75.0,4.0,-48.0,-31.0
44280,-129.0,-30.0,81.0,5.0,-49.0,-30.0
44320,-116.0,-44.0,76.0,4.0,-48.0,-25.0
44360,-93.0,-38.0,65.0,4.0,-48.0,-23.0
44400,-66.0,-40.0,74.0,3.0,-46.0,-19.0
44440,-49.0,-44.0,79.0,2.0,-44.0,-17.0
44480,-35.0,-46.0,79.0,3.0,-41.0,-11.0
44520,-23.0,-30.0,69.0,2.0,-40.0,-8.0
44560,-13.0,-12.0,59.0,1.0,-37.0,-1.0
44600,7.0,-18.0,52.0,2.0,-37.0,1.0
44640,38.0,-23.0,41.0,4.0,-36.0,8.0
44680,67.0,3.0,35.0,2.0,-33.0,11.0
44720,90.0,5.0,24.0,3.0,-32.0,15.0
44760,99.0,16.0,27.0,4.0,-30.0,21.0
44800,105.0,48.0,14.0,4.0,-27.0,24.0
44840,108.0,69.0,6.0,6.0,-26.0,26.0
44880,118.0,82.0,-8.0,4.0,-23.0,29.0
44920,134.0,105.0,-4.0,0.0,-20.0,31.0
44960,151.0,117.0,-15.0,3.0,-18.0,33.0
45000,160.0,134.0,-23.0,2.0,-14.0,33.0
45040,166.0,173.0,-34.0,3.0,-12.0,32.0
45080,170.0,172.0,-55.0,1.0,-8.0,35.0
45120,168.0,185.0,-45.0,1.0,-4.0,36.0
45160,164.0,193.0,-47.0,2.0,-3.0,38.0
45200,165.0,204.0,-54.0,0.0,-1.0,40.0
45240,174.0,190.0,-76.0,-2.0,3.0,41.0
45280,181.0,190.0,-95.0,-6.0,7.0,44.0
45320,175.0,195.0,-116.0,-6.0,11.0,46.0
45360,167.0,158.0,-126.0,-6.0,15.0,47.0
45400,163.0,143.0,-141.0,-8.0,18.0,48.0
45440,162.0,129.0,-160.0,-9.0,22.0,48.0
45480,147.0,135.0,-163.0,-10.0,26.0,50.0
45520,142.0,92.0,-180.0,-11.0,29.0,49.0
45560,140.0,96.0,-198.0,-13.0,32.0,47.0
45600,128.0,124.0,-202.0,-15.0,34.0,46.0
45640,116.0,82.0,-201.0,-15.0,38.0,43.0
45680,107.0,62.0,-210.0,-16.0,41.0,42.0
45720,108.0,67.0,-231.0,-17.0,42.0,39.0
45760,105.0,57.0,-236.0,-18.0,44.0,37.0
45800,91.0,25.0,-244.0,-19.0,47.0,33.0
45840,73.0,5.0,-251.0,-20.0,50.0,30.0
45880,58.0,-2.0,-246.0,-21.0,52.0,25.0
45920,43.0,-7.0,-246.0,-22.0,53.0,21.0
45960,20.0,14.0,-256.0,-25.0,55.0,19.0
46000,9.0,-13.0,-274.0,-26.0,57.0,17.0
46040,4.0,-11.0,-276.0,-25.0,61.0,13.0
46080,-10.0,17.0,-277.0,-28.0,63.0,10.0
46120,-26.0,-2.0,-279.0,-29.0,63.0,6.0
46160,-40.0,-17.0,-285.0,-31.0,65.0,1.0
46200,-52.0,7.0,-287.0,-31.0,67.0,-2.0
46240,-64.0,17.0,-282.0,-32.0,70.0,-7.0
46280,-71.0,4.0,-281.0,-32.0,71.0,-11.0
46320,-73.0,15.0,-287.0,-34.0,71.0,-17.0
46360,-73.0,32.0,-282.0,-34.0,75.0,-22.0
46400,-77.0,11.0,-284.0,-34.0,74.0,-26.0
46440,-81.0,10.0,-290.0,-35.0,75.0,-30.0
46480,-76.0,-6.0,-297.0,-36.0,76.0,-33.0
46520,-74.0,-17.0,-295.0,-37.0,76.0,-35.0
46560,-76.0,-43.0,-297.0,-36.0,74.0,-37.0
46600,-68.0,-74.0,-298.0,-37.0,75.0,-38.0
46640,-58.0,-76.0,-301.0,-38.0,73.0,-36.0
46680,-57.0,-75.0,-306.0,-39.0,74.0,-36.0
46720,-54.0,-98.0,-303.0,-39.0,75.0,-34.0
46760,-42.0,-110.0,-298.0,-38.0,75.0,-34.0
46800,-27.0,-112.0,-297.0,-38.0,76.0,-32.0
46840,-15.0,-120.0,-287.0,-38.0,76.0,-31.0
46880,-7.0,-141.0,-280.0,-40.0,77.0,-31.0
46920,-2.0,-135.0,-269.0,-40.0,78.0,-31.0
46960,3.0,-120.0,-263.0,-38.0,76.0,-29.0
47000,3.0,-93.0,-257.0,-39.0,75.0,-31.0
47040,7.0,-82.0,-262.0,-38.0,75.0,-31.0
47080,27.0,-82.0,-259.0,-38.0,72.0,-30.0
47120,46.0,-58.0,-244.0,-38.0,74.0,-27.0
47160,56.0,-39.0,-240.0,-38.0,71.0,-28.0
47200,61.0,-36.0,-234.0,-39.0,71.0,-26.0
47240,66.0,-24.0,-236.0,-39.0,68.0,-24.0
47280,80.0,-5.0,-234.0,-41.0,69.0,-20.0
47320,96.0,10.0,-219.0,-38.0,69.0,-18.0
47360,107.0,19.0,-214.0,-40.0,67.0,-16.0
47400,125.0,9.0,-206.0,-39.0,67.0,-11.0
47440,133.0,20.0,-208.0,-40.0,65.0,-8.0
47480,137.0,35.0,-201.0,-40.0,63.0,-3.0
47520,141.0,28.0,-198.0,-39.0,62.0,-2.0
47560,152.0,10.0,-203.0,-39.0,61.0,1.0
47600,165.0,-9.0,-206.0,-39.0,59.0,3.0
47640,173.0,-2.0,-205.0,-39.0,58.0,6.0
47680,170.0,-23.0,-208.0,-38.0,55.0,7.0
47720,166.0,-32.0,-206.0,-37.0,53.0,8.0
47760,158.0,-29.0,-210.0,-39.0,51.0,12.0
47800,147.0,-35.0,-222.0,-36.0,48.0,15.0
47840,146.0,-38.0,-219.0,-36.0,46.0,16.0
47880,149.0,-50.0,-214.0,-37.0,43.0,18.0
47920,142.0,-51.0,-202.0,-35.0,40.0,17.0
47960,132.0,-73.0,-196.0,-36.0,39.0,21.0
48000,120.0,-64.0,-186.0,-33.0,36.0,22.0
48040,104.0,-62.0,-177.0,-35.0,33.0,23.0
48080,92.0,-94.0,-165.0,-34.0,31.0,23.0
48120,86.0,-89.0,-163.0,-34.0,27.0,23.0
48160,85.0,-73.0,-174.0,-35.0,26.0,22.0
48200,76.0,-73.0,-170.0,-33.0,23.0,21.0
48240,63.0,-88.0,-157.0,-35.0,19.0,19.0
48280,54.0,-73.0,-151.0,-31.0,15.0,14.0
48320,51.0,-63.0,-144.0,-31.0,14.0,10.0
48360,42.0,-50.0,-139.0,-30.0,9.0,3.0
48400,35.0,-58.0,-134.0,-29.0,7.0,-1.0
48440,29.0,-60.0,-118.0,-28.0,1.0,-8.0
48480,21.0,-39.0,-108.0,-28.0,0.0,-13.0
48520,7.0,-28.0,-106.0,-25.0,-5.0,-17.0
48560,-1.0,-32.0,-98.0,-25.0,-10.0,-22.0
48600,-3.0,-57.0,-88.0,-22.0,-14.0,-25.0
48640,-9.0,-52.0,-70.0,-21.0,-14.0,-28.0
48680,-24.0,-68.0,-49.0,-21.0,-19.0,-30.0
48720,-40.0,-83.0,-42.0,-18.0,-23.0,-34.0
48760,-50.0,-81.0,-39.0,-17.0,-26.0,-35.0
48800,-57.0,-53.0,-55.0,-18.0,-29.0,-37.0
48840,-64.0,-35.0,-76.0,-16.0,-31.0,-39.0
48880,-57.0,-24.0,-96.0,-13.0,-35.0,-39.0
48920,-44.0,4.0,-97.0,-11.0,-39.0,-40.0
48960,-35.0,22.0,-106.0,-9.0,-44.0,-41.0
49000,-26.0,10.0,-95.0,-6.0,-47.0,-40.0
49040,-19.0,-11.0,-75.0,-6.0,-51.0,-39.0
49080,-18.0,-11.0,-65.0,-6.0,-52.0,-39.0
49120,-16.0,-30.0,-69.0,-5.0,-56.0,-36.0
49160,-1.0,-61.0,-72.0,-5.0,-56.0,-35.0
49200,17.0,-71.0,-81.0,-4.0,-57.0,-28.0
49240,25.0,-86.0,-79.0,-5.0,-57.0,-26.0
49280,31.0,-93.0,-80.0,-5.0,-59.0,-21.0
49320,38.0,-70.0,-91.0,-4.0,-62.0,-17.0
49360,48.0,-64.0,-107.0,-3.0,-61.0,-14.0
49400,64.0,-71.0,-105.0,-3.0,-63.0,-10.0
49440,77.0,-28.0,-95.0,-1.0,-63.0,-9.0
49480,87.0,22.0,-101.0,0.0,-66.0,-8.0
49520,96.0,32.0,-115.0,1.0,-64.0,-8.0
49560,112.0,35.0,-130.0,0.0,-62.0,-8.0
49600,126.0,90.0,-134.0,-1.0,-62.0,-7.0
49640,129.0,104.0,-140.0,0.0,-62.0,-5.0
49680,131.0,72.0,-154.0,2.0,-60.0,-2.0
49720,137.0,58.0,-165.0,0.0,-59.0,2.0
49760,147.0,49.0,-164.0,0.0,-58.0,6.0
49800,142.0,48.0,-159.0,-4.0,-58.0,11.0
49840,137.0,18.0,-169.0,-2.0,-57.0,19.0
49880,140.0,20.0,-182.0,-4.0,-56.0,27.0
49920,142.0,37.0,-195.0,-5.0,-55.0,34.0
49960,146.0,54.0,-193.0,-6.0,-50.0,42.0
50000,147.0,72.0,-193.0,-7.0,-48.0,47.0
50040,149.0,77.0,-202.0,-6.0,-46.0,52.0
50080,142.0,109.0,-189.0,-7.0,-41.0,53.0
50120,129.0,116.0,-178.0,-10.0,-38.0,55.0
50160,117.0,115.0,-150.0,-9.0,-34.0,53.0
50200,107.0,98.0,-124.0,-11.0,-30.0,50.0
50240,97.0,106.0,-110.0,-13.0,-27.0,46.0
50280,80.0,109.0,-98.0,-16.0,-23.0,42.0
50320,66.0,87.0,-101.0,-19.0,-19.0,38.0
50360,46.0,76.0,-93.0,-20.0,-18.0,33.0
50400,27.0,58.0,-77.0,-21.0,-15.0,31.0
50440,2.0,54.0,-56.0,-22.0,-14.0,27.0
50480,-25.0,49.0,-37.0,-21.0,-12.0,26.0
50520,-47.0,46.0,-16.0,-22.0,-10.0,27.0
50560,-60.0,34.0,-5.0,-24.0,-8.0,28.0
50600,-69.0,55.0,3.0,-23.0,-4.0,30.0
50640,-86.0,65.0,3.0,-26.0,0.0,30.0
50680,-105.0,39.0,4.0,-27.0,0.0,31.0
50720,-124.0,11.0,11.0,-26.0,5.0,31.0
50760,-142.0,14.0,26.0,-27.0,10.0,27.0
50800,-168.0,-24.0,42.0,-26.0,11.0,23.0
50840,-190.0,-54.0,53.0,-26.0,13.0,17.0
50880,-212.0,-49.0,83.0,-25.0,14.0,7.0
50920,-236.0,-43.0,120.0,-25.0,16.0,-3.0
50960,-259.0,-50.0,146.0,-26.0,15.0,-13.0
51000,-271.0,-18.0,170.0,-24.0,15.0,-23.0
51040,-275.0,13.0,182.0,-23.0,15.0,-33.0
51080,-281.0,19.0,204.0,-23.0,14.0,-43.0
51120,-275.0,7.0,227.0,-22.0,16.0,-50.0
51160,-262.0,5.0,250.0,-22.0,17.0,-53.0
51200,-262.0,-2.0,267.0,-20.0,16.0,-54.0
51240,-267.0,-28.0,274.0,-21.0,17.0,-55.0
51280,-267.0,-60.0,284.0,-19.0,18.0,-54.0
51320,-278.0,-54.0,302.0,-19.0,21.0,-52.0
51360,-290.0,-70.0,314.0,-18.0,22.0,-48.0
51400,-302.0,-78.0,330.0,-17.0,26.0,-49.0
51440,-318.0,-88.0,340.0,-16.0,26.0,-48.0
51480,-330.0,-73.0,344.0,-14.0,27.0,-52.0
51520,-334.0,-60.0,340.0,-13.0,30.0,-54.0
51560,-323.0,-39.0,330.0,-11.0,30.0,-61.0
51600,-304.0,-14.0,330.0,-9.0,29.0,-64.0
51640,-282.0,4.0,337.0,-4.0,28.0,-70.0
51680,-258.0,29.0,345.0,-2.0,26.0,-70.0
51720,-227.0,49.0,335.0,1.0,23.0,-70.0
51760,-194.0,60.0,317.0,3.0,20.0,-66.0
51800,-165.0,74.0,309.0,4.0,19.0,-57.0
51840,-143.0,71.0,300.0,7.0,18.0,-48.0
51880,-117.0,40.0,282.0,8.0,18.0,-37.0
51920,-89.0,27.0,263.0,10.0,20.0,-23.0
51960,-69.0,15.0,250.0,11.0,23.0,-9.0
52000,-59.0,-26.0,255.0,11.0,26.0,4.0
52040,-51.0,-48.0,259.0,12.0,31.0,14.0
52080,-45.0,-42.0,249.0,16.0,35.0,24.0
52120,-45.0,-42.0,239.0,16.0,36.0,32.0
52160,-44.0,-31.0,226.0,17.0,39.0,39.0
52200,-32.0,-3.0,212.0,17.0,39.0,42.0
52240,-11.0,17.0,203.0,21.0,39.0,41.0
52280,2.0,64.0,184.0,23.0,38.0,38.0
52320,24.0,87.0,163.0,23.0,37.0,36.0
52360,54.0,98.0,144.0,25.0,35.0,33.0
52400,75.0,127.0,132.0,26.0,35.0,32.0
52440,78.0,161.0,127.0,26.0,33.0,34.0
52480,85.0,150.0,107.0,28.0,32.0,36.0
52520,88.0,158.0,95.0,29.0,33.0,41.0
52560,82.0,175.0,88.0,31.0,33.0,48.0
52600,79.0,144.0,99.0,30.0,38.0,58.0
52640,75.0,136.0,99.0,33.0,37.0,67.0
52680,63.0,119.0,84.0,33.0,40.0,76.0
52720,52.0,88.0,88.0,33.0,43.0,84.0
52760,43.0,51.0,99.0,33.0,47.0,88.0
52800,31.0,60.0,102.0,31.0,45.0,91.0
52840,17.0,50.0,104.0,31.0,44.0,90.0
52880,7.0,48.0,108.0,32.0,44.0,88.0
52920,-2.0,68.0,121.0,32.0,41.0,82.0
52960,-10.0,78.0,130.0,32.0,39.0,72.0
53000,-15.0,68.0,139.0,32.0,36.0,62.0
53040,-14.0,60.0,136.0,36.0,31.0,51.0
53080,-23.0,72.0,151.0,37.0,28.0,38.0
53120,-44.0,55.0,154.0,38.0,24.0,30.0
53160,-70.0,42.0,170.0,40.0,22.0,22.0
53200,-99.0,41.0,180.0,39.0,22.0,18.0
53240,-125.0,40.0,203.0,40.0,21.0,13.0
53280,-137.0,8.0,222.0,39.0,21.0,11.0
53320,-140.0,-3.0,237.0,39.0,21.0,10.0
53360,-150.0,-7.0,251.0,40.0,20.0,8.0
53400,-159.0,-43.0,270.0,40.0,20.0,7.0
53440,-162.0,-68.0,289.0,40.0,19.0,3.0
53480,-174.0,-64.0,305.0,39.0,16.0,-1.0
53520,-186.0,-65.0,311.0,39.0,13.0,-9.0
53560,-192.0,-100.0,321.0,38.0,9.0,-16.0
53600,-200.0,-73.0,321.0,40.0,2.0,-27.0
53640,-222.0,-33.0,332.0,40.0,-3.0,-37.0
53680,-235.0,-67.0,349.0,41.0,-7.0,-49.0
53720,-240.0,-62.0,358.0,42.0,-12.0,-59.0
53760,-240.0,-42.0,370.0,43.0,-14.0,-69.0
53800,-235.0,-67.0,378.0,43.0,-17.0,-76.0
53840,-224.0,-98.0,367.0,42.0,-19.0,-79.0
53880,-222.0,-75.0,362.0,43.0,-21.0,-83.0
53920,-221.0,-94.0,362.0,43.0,-23.0,-83.0
53960,-224.0,-96.0,370.0,44.0,-25.0,-81.0
54000,-231.0,-63.0,378.0,44.0,-27.0,-79.0
54040,-222.0,-71.0,368.0,43.0,-29.0,-73.0
54080,-205.0,-70.0,361.0,42.0,-31.0,-68.0
54120,-187.0,-54.0,355.0,42.0,-32.0,-63.0
54160,-162.0,-74.0,345.0,43.0,-34.0,-57.0
54200,-143.0,-83.0,342.0,43.0,-34.0,-53.0
54240,-130.0,-77.0,324.0,42.0,-37.0,-47.0
54280,-117.0,-99.0,315.0,39.0,-38.0,-44.0
54320,-100.0,-84.0,303.0,38.0,-38.0,-42.0
54360,-85.0,-75.0,286.0,35.0,-41.0,-39.0
54400,-72.0,-69.0,275.0,34.0,-43.0,-36.0
54440,-64.0,-42.0,264.0,33.0,-44.0,-37.0
54480,-61.0,-34.0,243.0,31.0,-44.0,-33.0
54520,-50.0,-36.0,237.0,30.0,-44.0,-31.0
54560,-31.0,-33.0,225.0,29.0,-46.0,-27.0
54600,-12.0,-17.0,203.0,30.0,-45.0,-21.0
54640,2.0,-34.0,183.0,26.0,-45.0,-13.0
54680,6.0,-20.0,171.0,25.0,-46.0,-6.0
54720,9.0,-29.0,153.0,23.0,-45.0,4.0
54760,12.0,-11.0,148.0,21.0,-44.0,13.0
54800,13.0,1.0,128.0,19.0,-44.0,19.0
54840,21.0,-2.0,103.0,17.0,-42.0,28.0
54880,41.0,4.0,93.0,15.0,-39.0,38.0
54920,58.0,19.0,78.0,13.0,-39.0,43.0
54960,64.0,51.0,63.0,12.0,-38.0,46.0
55000,65.0,59.0,50.0,10.0,-38.0,49.0
55040,70.0,65.0,42.0,9.0,-37.0,52.0
55080,73.0,84.0,28.0,8.0,-38.0,52.0
55120,72.0,98.0,16.0,5.0,-39.0,53.0
55160,72.0,80.0,0.0,4.0,-38.0,52.0
55200,71.0,76.0,-1.0,1.0,-38.0,51.0
55240,69.0,74.0,1.0,2.0,-36.0,53.0
55280,64.0,53.0,-4.0,-2.0,-35.0,51.0
55320,63.0,42.0,-17.0,-5.0,-34.0,51.0
55360,69.0,25.0,-30.0,-6.0,-32.0,51.0
55400,71.0,4.0,-29.0,-7.0,-30.0,49.0
55440,62.0,-3.0,-27.0,-8.0,-30.0,49.0
55480,43.0,15.0,-14.0,-9.0,-29.0,47.0
55520,23.0,27.0,-4.0,-9.0,-30.0,43.0
55560,10.0,29.0,-5.0,-9.0,-28.0,40.0
55600,14.0,33.0,0.0,-10.0,-28.0,37.0
55640,15.0,50.0,0.0,-9.0,-27.0,31.0
55680,9.0,50.0,8.0,-11.0,-27.0,26.0
55720,1.0,25.0,11.0,-10.0,-25.0,21.0
55760,-6.0,18.0,10.0,-11.0,-26.0,13.0
55800,-19.0,23.0,11.0,-12.0,-27.0,7.0
55840,-36.0,5.0,16.0,-11.0,-25.0,0.0
55880,-43.0,-18.0,8.0,-12.0,-26.0,-6.0
55920,-40.0,-27.0,9.0,-11.0,-27.0,-9.0
55960,-41.0,-18.0,20.0,-10.0,-27.0,-15.0
56000,-51.0,-7.0,38.0,-10.0,-27.0,-18.0
56040,-57.0,-22.0,46.0,-8.0,-28.0,-21.0
56080,-47.0,-36.0,45.0,-7.0,-26.0,-25.0
56120,-37.0,-17.0,62.0,-6.0,-26.0,-28.0
56160,-41.0,1.0,72.0,-5.0,-23.0,-33.0
56200,-51.0,-29.0,74.0,-4.0,-20.0,-38.0
56240,-44.0,-46.0,69.0,-4.0,-18.0,-41.0
56280,-40.0,-17.0,53.0,-4.0,-19.0,-46.0
56320,-52.0,-15.0,59.0,-3.0,-17.0,-49.0
56360,-57.0,-59.0,57.0,-3.0,-15.0,-52.0
56400,-45.0,-76.0,59.0,0.0,-14.0,-54.0
56440,-41.0,-20.0,71.0,1.0,-13.0,-55.0
56480,-51.0,-28.0,67.0,1.0,-11.0,-57.0
56520,-50.0,-56.0,60.0,2.0,-10.0,-55.0
56560,-36.0,-30.0,51.0,4.0,-9.0,-54.0
56600,-37.0,27.0,63.0,4.0,-7.0,-53.0
56640,-45.0,21.0,61.0,5.0,-3.0,-51.0
56680,-32.0,27.0,56.0,7.0,-1.0,-47.0
56720,-11.0,68.0,46.0,7.0,1.0,-44.0
56760,-5.0,100.0,45.0,9.0,4.0,-38.0
56800,2.0,78.0,43.0,11.0,7.0,-32.0
56840,23.0,42.0,21.0,10.0,10.0,-29.0
56880,34.0,56.0,10.0,11.0,13.0,-22.0
56920,27.0,52.0,5.0,11.0,15.0,-15.0
56960,19.0,9.0,-17.0,12.0,17.0,-8.0
57000,17.0,6.0,-41.0,12.0,19.0,0.0
57040,14.0,53.0,-45.0,12.0,21.0,8.0
57080,14.0,55.0,-39.0,12.0,23.0,16.0
57120,19.0,57.0,-37.0,11.0,26.0,27.0
57160,29.0,81.0,-38.0,9.0,28.0,33.0
57200,40.0,85.0,-57.0,10.0,32.0,42.0
57240,51.0,70.0,-48.0,10.0,35.0,49.0
57280,56.0,67.0,-58.0,10.0,38.0,57.0
57320,60.0,72.0,-76.0,9.0,42.0,64.0
57360,60.0,74.0,-89.0,10.0,46.0,67.0
57400,56.0,87.0,-97.0,10.0,47.0,74.0
57440,62.0,78.0,-107.0,11.0,48.0,74.0
57480,74.0,64.0,-117.0,9.0,49.0,77.0
57520,77.0,70.0,-132.0,10.0,50.0,78.0
57560,82.0,55.0,-147.0,10.0,50.0,79.0
57600,88.0,41.0,-141.0,9.0,51.0,78.0
57640,95.0,35.0,-152.0,7.0,52.0,79.0
57680,101.0,40.0,-161.0,4.0,55.0,76.0
57720,114.0,17.0,-169.0,6.0,57.0,78.0
57760,122.0,28.0,-164.0,5.0,59.0,80.0
57800,111.0,18.0,-151.0,3.0,59.0,80.0
57840,91.0,12.0,-136.0,3.0,60.0,77.0
57880,70.0,29.0,-134.0,2.0,59.0,77.0
57920,58.0,17.0,-130.0,1.0,59.0,71.0
57960,50.0,-7.0,-121.0,-1.0,59.0,68.0
58000,46.0,-14.0,-116.0,-1.0,58.0,59.0
58040,41.0,4.0,-114.0,-3.0,59.0,50.0
58080,31.0,-13.0,-113.0,-4.0,59.0,42.0
58120,18.0,-23.0,-105.0,-2.0,57.0,32.0
58160,14.0,-16.0,-92.0,-5.0,58.0,24.0
58200,17.0,3.0,-80.0,-4.0,57.0,13.0
58240,16.0,-3.0,-70.0,-3.0,56.0,3.0
58280,20.0,-24.0,-50.0,-4.0,56.0,-5.0
58320,27.0,-32.0,-18.0,-5.0,56.0,-15.0
58360,20.0,-18.0,-15.0,-6.0,54.0,-22.0
58400,2.0,-13.0,-24.0,-8.0,51.0,-31.0
58440,0.0,-52.0,-27.0,-9.0,48.0,-38.0
58480,8.0,-43.0,-16.0,-9.0,48.0,-44.0
58520,11.0,-21.0,-9.0,-10.0,46.0,-48.0
58560,13.0,-48.0,-4.0,-13.0,44.0,-55.0
58600,24.0,-90.0,-2.0,-13.0,42.0,-61.0
58640,24.0,-65.0,10.0,-13.0,42.0,-65.0
58680,10.0,-76.0,25.0,-13.0,40.0,-71.0
58720,4.0,-120.0,29.0,-14.0,38.0,-75.0
58760,15.0,-135.0,21.0,-15.0,37.0,-84.0
58800,18.0,-109.0,24.0,-15.0,36.0,-88.0
58840,10.0,-115.0,31.0,-16.0,35.0,-92.0
58880,12.0,-125.0,39.0,-18.0,33.0,-94.0
58920,17.0,-102.0,47.0,-18.0,30.0,-96.0
58960,3.0,-86.0,64.0,-19.0,28.0,-98.0
59000,-2.0,-91.0,80.0,-21.0,26.0,-96.0
59040,7.0,-95.0,84.0,-20.0,24.0,-95.0
59080,11.0,-64.0,84.0,-21.0,22.0,-93.0
59120,10.0,-70.0,67.0,-23.0,20.0,-87.0
59160,19.0,-79.0,72.0,-24.0,20.0,-84.0
59200,31.0,-61.0,61.0,-25.0,19.0,-78.0
59240,36.0,-52.0,53.0,-25.0,18.0,-76.0
59280,46.0,-78.0,45.0,-25.0,16.0,-68.0
59320,60.0,-87.0,30.0,-26.0,15.0,-64.0
59360,72.0,-68.0,21.0,-27.0,13.0,-58.0
59400,70.0,-74.0,16.0,-28.0,10.0,-54.0
59440,72.0,-79.0,4.0,-29.0,9.0,-49.0
59480,80.0,-68.0,-9.0,-30.0,7.0,-44.0
59520,94.0,-60.0,-19.0,-31.0,7.0,-37.0
59560,107.0,-70.0,-32.0,-33.0,4.0,-35.0
59600,122.0,-60.0,-42.0,-32.0,3.0,-30.0
59640,131.0,-42.0,-53.0,-32.0,2.0,-25.0
59680,133.0,-52.0,-55.0,-34.0,0.0,-17.0
59720,131.0,-40.0,-66.0,-33.0,0.0,-12.0
59760,128.0,-28.0,-77.0,-36.0,-2.0,-8.0
59800,123.0,-1.0,-88.0,-35.0,-4.0,0.0
59840,115.0,-4.0,-105.0,-36.0,-6.0,6.0
59880,117.0,-3.0,-120.0,-38.0,-7.0,14.0
59920,120.0,4.0,-142.0,-37.0,-8.0,18.0
59960,115.0,23.0,-154.0,-39.0,-8.0,25.0
60000,110.0,10.0,-160.0,-40.0,-11.0,28.0
60040,106.0,-5.0,-168.0,-41.0,-11.0,35.0
60080,106.0,6.0,-181.0,-41.0,-13.0,39.0
60120,107.0,15.0,-187.0,-40.0,-15.0,43.0
60160,108.0,16.0,-191.0,-42.0,-16.0,44.0
60200,106.0,0.0,-209.0,-41.0,-18.0,45.0
60240,105.0,17.0,-219.0,-41.0,-18.0,46.0
60280,103.0,31.0,-241.0,-42.0,-21.0,46.0
60320,105.0,30.0,-246.0,-41.0,-22.0,45.0
60360,112.0,25.0,-265.0,-42.0,-24.0,45.0
60400,123.0,38.0,-260.0,-43.0,-25.0,43.0
60440,129.0,63.0,-245.0,-41.0,-25.0,42.0
60480,125.0,57.0,-237.0,-43.0,-28.0,41.0
60520,117.0,37.0,-239.0,-43.0,-29.0,39.0
60560,107.0,45.0,-242.0,-43.0,-28.0,37.0
60600,94.0,52.0,-237.0,-42.0,-28.0,37.0
60640,82.0,27.0,-236.0,-43.0,-28.0,34.0
60680,74.0,23.0,-251.0,-42.0,-29.0,31.0
60720,61.0,35.0,-249.0,-42.0,-27.0,29.0
60760,43.0,32.0,-232.0,-41.0,-28.0,26.0
60800,25.0,35.0,-211.0,-40.0,-31.0,22.0
60840,14.0,35.0,-211.0,-38.0,-31.0,17.0
60880,9.0,32.0,-212.0,-41.0,-32.0,16.0
60920,3.0,50.0,-203.0,-39.0,-34.0,12.0
60960,4.0,41.0,-192.0,-40.0,-33.0,8.0
61000,3.0,34.0,-185.0,-37.0,-35.0,6.0
61040,8.0,22.0,-191.0,-36.0,-35.0,2.0
61080,16.0,35.0,-176.0,-35.0,-36.0,1.0
61120,11.0,51.0,-153.0,-36.0,-35.0,-2.0
61160,2.0,35.0,-141.0,-32.0,-36.0,-2.0
61200,6.0,29.0,-135.0,-31.0,-35.0,-4.0
61240,11.0,60.0,-126.0,-28.0,-33.0,-6.0
61280,9.0,51.0,-106.0,-29.0,-34.0,-6.0
61320,10.0,18.0,-96.0,-29.0,-32.0,-9.0
61360,11.0,27.0,-95.0,-26.0,-30.0,-11.0
61400,3.0,41.0,-89.0,-26.0,-30.0,-11.0
61440,4.0,-17.0,-89.0,-26.0,-29.0,-14.0
61480,4.0,-19.0,-95.0,-24.0,-28.0,-15.0
61520,2.0,-5.0,-89.0,-20.0,-26.0,-15.0
61560,-9.0,9.0,-71.0,-20.0,-24.0,-15.0
61600,-26.0,1.0,-54.0,-19.0,-26.0,-14.0
61640,-26.0,10.0,-47.0,-20.0,-23.0,-15.0
61680,-29.0,47.0,-34.0,-18.0,-24.0,-15.0
61720,-33.0,56.0,-24.0,-17.0,-22.0,-15.0
61760,-28.0,33.0,-9.0,-15.0,-22.0,-15.0
61800,-12.0,18.0,-4.0,-13.0,-19.0,-13.0
61840,-8.0,46.0,5.0,-11.0,-16.0,-10.0
61880,-11.0,48.0,22.0,-11.0,-15.0,-7.0
61920,-3.0,6.0,28.0,-8.0,-13.0,-3.0
61960,8.0,25.0,47.0,-7.0,-11.0,2.0
62000,11.0,31.0,43.0,-6.0,-9.0,9.0
62040,10.0,1.0,36.0,-5.0,-8.0,14.0
62080,10.0,-14.0,22.0,-3.0,-7.0,17.0
62120,9.0,-2.0,0.0,-5.0,-6.0,21.0
62160,12.0,-9.0,-12.0,-2.0,-2.0,26.0
62200,10.0,10.0,-20.0,-3.0,-1.0,27.0
62240,25.0,19.0,-25.0,1.0,2.0,28.0
62280,47.0,24.0,-20.0,-1.0,4.0,28.0
62320,61.0,72.0,-8.0,2.0,7.0,28.0
62360,64.0,77.0,-4.0,2.0,8.0,27.0
62400,72.0,59.0,9.0,3.0,9.0,28.0
62440,80.0,61.0,6.0,4.0,9.0,25.0
62480,81.0,39.0,4.0,3.0,10.0,27.0
62520,74.0,5.0,6.0,3.0,12.0,29.0
62560,77.0,-47.0,5.0,3.0,13.0,30.0
62600,79.0,-60.0,18.0,4.0,14.0,34.0
62640,52.0,-46.0,8.0,5.0,17.0,35.0
62680,28.0,-71.0,3.0,3.0,20.0,38.0
62720,22.0,-59.0,1.0,4.0,22.0,40.0
62760,18.0,-23.0,-3.0,4.0,23.0,42.0
62800,8.0,11.0,2.0,4.0,26.0,40.0
62840,5.0,17.0,0.0,6.0,27.0,35.0
62880,8.0,54.0,7.0,5.0,28.0,31.0
62920,16.0,64.0,17.0,5.0,29.0,25.0
62960,27.0,67.0,23.0,6.0,29.0,17.0
63000,40.0,75.0,17.0,5.0,31.0,10.0
63040,52.0,37.0,30.0,5.0,30.0,4.0
63080,50.0,42.0,51.0,4.0,30.0,-2.0
63120,45.0,27.0,58.0,4.0,29.0,-7.0
63160,36.0,8.0,48.0,3.0,29.0,-8.0
63200,27.0,-20.0,39.0,3.0,29.0,-8.0
63240,21.0,-33.0,39.0,3.0,31.0,-7.0
63280,16.0,-64.0,45.0,4.0,32.0,-5.0
63320,9.0,-53.0,47.0,6.0,32.0,-7.0
63360,-4.0,-37.0,51.0,5.0,35.0,-5.0
63400,-2.0,-55.0,53.0,6.0,37.0,-5.0
63440,3.0,-24.0,56.0,6.0,38.0,-5.0
63480,2.0,8.0,49.0,7.0,37.0,-10.0
63520,-13.0,-2.0,66.0,8.0,38.0,-15.0
63560,-30.0,-15.0,71.0,6.0,37.0,-23.0
63600,-44.0,-9.0,71.0,5.0,35.0,-28.0
63640,-59.0,-1.0,95.0,3.0,35.0,-33.0
63680,-61.0,-38.0,112.0,5.0,33.0,-43.0
63720,-49.0,-70.0,120.0,4.0,32.0,-48.0
63760,-37.0,-62.0,123.0,3.0,32.0,-52.0
63800,-46.0,-57.0,131.0,3.0,33.0,-52.0
63840,-58.0,-74.0,147.0,3.0,33.0,-54.0
63880,-70.0,-66.0,152.0,3.0,33.0,-51.0
63920,-77.0,-30.0,151.0,3.0,31.0,-47.0
63960,-80.0,-19.0,147.0,4.0,33.0,-42.0
64000,-86.0,-28.0,151.0,4.0,31.0,-38.0
64040,-78.0,-36.0,166.0,5.0,30.0,-35.0
64080,-66.0,-24.0,177.0,4.0,30.0,-33.0
64120,-65.0,-32.0,168.0,4.0,29.0,-30.0
64160,-66.0,-67.0,162.0,3.0,28.0,-31.0
64200,-60.0,-62.0,160.0,2.0,29.0,-31.0
64240,-58.0,-58.0,167.0,1.0,26.0,-33.0
64280,-66.0,-62.0,176.0,1.0,24.0,-35.0
64320,-75.0,-69.0,167.0,0.0,20.0,-37.0
64360,-76.0,-49.0,165.0,0.0,20.0,-40.0
64400,-80.0,-18.0,180.0,0.0,18.0,-39.0
64440,-86.0,-18.0,194.0,0.0,15.0,-40.0
64480,-68.0,-46.0,182.0,1.0,14.0,-37.0
64520,-56.0,1.0,166.0,2.0,12.0,-31.0
64560,-64.0,27.0,175.0,1.0,10.0,-23.0
64600,-76.0,-15.0,189.0,-1.0,12.0,-15.0
64640,-78.0,-1.0,178.0,-3.0,9.0,-5.0
64680,-76.0,40.0,141.0,-1.0,9.0,0.0
64720,-75.0,-8.0,136.0,-3.0,9.0,5.0
64760,-71.0,-41.0,162.0,-4.0,8.0,8.0
64800,-53.0,-58.0,162.0,-4.0,6.0,9.0
64840,-50.0,-43.0,143.0,-4.0,4.0,11.0
64880,-60.0,-50.0,123.0,-3.0,2.0,7.0
64920,-56.0,-61.0,124.0,-5.0,-2.0,11.0
64960,-46.0,-27.0,122.0,-5.0,-4.0,9.0
65000,-42.0,23.0,108.0,-5.0,-7.0,11.0
65040,-35.0,34.0,88.0,-5.0,-10.0,11.0
65080,-16.0,14.0,81.0,-7.0,-14.0,14.0
65120,-6.0,41.0,90.0,-7.0,-15.0,15.0
65160,-6.0,56.0,98.0,-5.0,-15.0,19.0
65200,-10.0,35.0,82.0,-4.0,-16.0,20.0
65240,3.0,3.0,63.0,-3.0,-17.0,25.0
65280,12.0,13.0,56.0,-5.0,-19.0,28.0
65320,0.0,30.0,43.0,-5.0,-20.0,33.0
65360,-16.0,19.0,40.0,-3.0,-21.0,35.0
65400,-31.0,42.0,38.0,-4.0,-24.0,36.0
65440,-40.0,41.0,34.0,-3.0,-26.0,36.0
65480,-35.0,44.0,49.0,-5.0,-29.0,36.0
65520,-27.0,50.0,50.0,-4.0,-30.0,32.0
65560,-10.0,22.0,51.0,-7.0,-31.0,29.0
65600,0.0,7.0,52.0,-6.0,-32.0,27.0
65640,1.0,46.0,50.0,-6.0,-33.0,23.0
65680,-4.0,59.0,45.0,-7.0,-33.0,23.0
65720,-3.0,38.0,37.0,-4.0,-36.0,20.0
65760,2.0,64.0,27.0,-4.0,-37.0,19.0
65800,13.0,65.0,24.0,-2.0,-39.0,21.0
65840,13.0,56.0,33.0,-1.0,-41.0,19.0
65880,4.0,34.0,28.0,-2.0,-41.0,15.0
65920,0.0,12.0,21.0,1.0,-43.0,15.0
65960,-8.0,22.0,8.0,1.0,-42.0,11.0
66000,-15.0,16.0,-7.0,3.0,-44.0,9.0
66040,-13.0,0.0,-12.0,4.0,-43.0,7.0
66080,-6.0,15.0,-23.0,5.0,-44.0,6.0
66120,-2.0,33.0,-28.0,5.0,-45.0,4.0
66160,-3.0,38.0,-29.0,5.0,-45.0,3.0
66200,-3.0,42.0,-16.0,6.0,-45.0,3.0
66240,-3.0,51.0,-3.0,7.0,-47.0,-2.0
66280,-1.0,65.0,-10.0,8.0,-47.0,-1.0
66320,0.0,54.0,-11.0,10.0,-47.0,-4.0
66360,9.0,33.0,-3.0,10.0,-48.0,-4.0
66400,13.0,27.0,8.0,10.0,-48.0,-5.0
66440,9.0,27.0,3.0,11.0,-49.0,-4.0
66480,-6.0,13.0,-6.0,12.0,-47.0,-2.0
66520,-22.0,-3.0,-10.0,12.0,-48.0,2.0
66560,-37.0,-19.0,-1.0,14.0,-47.0,-1.0
66600,-41.0,-41.0,13.0,13.0,-47.0,-2.0
66640,-38.0,-45.0,10.0,14.0,-44.0,-5.0
66680,-44.0,-34.0,19.0,15.0,-41.0,-3.0
66720,-49.0,-36.0,19.0,14.0,-41.0,-8.0
66760,-46.0,-22.0,27.0,15.0,-40.0,-12.0
66800,-43.0,-4.0,24.0,15.0,-40.0,-15.0
66840,-44.0,20.0,27.0,16.0,-39.0,-17.0
66880,-38.0,5.0,23.0,16.0,-39.0,-17.0
66920,-26.0,17.0,30.0,18.0,-39.0,-17.0
66960,-22.0,51.0,39.0,17.0,-39.0,-18.0
67000,-29.0,55.0,46.0,19.0,-39.0,-19.0
67040,-32.0,10.0,42.0,20.0,-37.0,-16.0
67080,-35.0,12.0,37.0,19.0,-36.0,-12.0
67120,-45.0,29.0,43.0,19.0,-35.0,-7.0
67160,-58.0,-7.0,67.0,19.0,-33.0,-5.0
67200,-60.0,-25.0,73.0,19.0,-31.0,1.0
67240,-50.0,-7.0,78.0,19.0,-28.0,6.0
67280,-50.0,29.0,94.0,19.0,-27.0,11.0
67320,-55.0,2.0,114.0,19.0,-24.0,13.0
67360,-52.0,-2.0,130.0,19.0,-22.0,10.0
67400,-44.0,20.0,145.0,19.0,-21.0,12.0
67440,-47.0,35.0,164.0,21.0,-21.0,12.0
67480,-47.0,4.0,173.0,22.0,-21.0,11.0
67520,-41.0,9.0,166.0,21.0,-19.0,10.0
67560,-33.0,25.0,170.0,21.0,-17.0,8.0
67600,-40.0,12.0,176.0,21.0,-16.0,7.0
67640,-43.0,7.0,183.0,21.0,-15.0,10.0
67680,-42.0,-8.0,178.0,22.0,-15.0,10.0
67720,-49.0,15.0,180.0,22.0,-15.0,11.0
67760,-55.0,7.0,179.0,21.0,-12.0,13.0
67800,-52.0,3.0,189.0,23.0,-11.0,17.0
67840,-49.0,15.0,194.0,23.0,-8.0,22.0
67880,-44.0,26.0,201.0,23.0,-7.0,24.0
67920,-39.0,5.0,218.0,24.0,-4.0,26.0
67960,-30.0,0.0,221.0,24.0,-2.0,27.0
68000,-24.0,7.0,225.0,26.0,1.0,29.0
68040,-18.0,-9.0,225.0,26.0,2.0,30.0
68080,-15.0,-21.0,230.0,26.0,4.0,27.0
68120,-16.0,-22.0,231.0,27.0,3.0,24.0
68160,-20.0,-21.0,231.0,29.0,6.0,23.0
68200,-29.0,-26.0,228.0,28.0,4.0,20.0
68240,-34.0,-7.0,228.0,29.0,5.0,17.0
68280,-31.0,4.0,223.0,28.0,4.0,14.0
68320,-26.0,25.0,216.0,28.0,5.0,11.0
68360,-12.0,28.0,206.0,31.0,6.0,10.0
68400,-1.0,46.0,206.0,30.0,8.0,8.0
68440,7.0,63.0,194.0,32.0,11.0,6.0
68480,11.0,30.0,194.0,30.0,12.0,6.0
68520,10.0,22.0,203.0,31.0,14.0,3.0
68560,-2.0,24.0,212.0,33.0,13.0,2.0
68600,-24.0,29.0,216.0,32.0,16.0,0.0
68640,-40.0,1.0,197.0,31.0,17.0,-2.0
68680,-43.0,-3.0,177.0,30.0,18.0,-2.0
68720,-35.0,-3.0,169.0,31.0,21.0,-7.0
68760,-25.0,-38.0,173.0,31.0,20.0,-7.0
68800,-17.0,-47.0,158.0,30.0,21.0,-9.0
68840,-20.0,-31.0,126.0,30.0,21.0,-11.0
68880,-31.0,0.0,97.0,29.0,20.0,-13.0
68920,-28.0,-21.0,83.0,30.0,20.0,-14.0
68960,-14.0,6.0,75.0,30.0,18.0,-20.0
69000,-2.0,42.0,72.0,30.0,18.0,-19.0
69040,4.0,56.0,70.0,30.0,20.0,-20.0
69080,21.0,52.0,58.0,29.0,19.0,-20.0
69120,45.0,41.0,45.0,26.0,21.0,-20.0
69160,46.0,44.0,42.0,26.0,22.0,-21.0
69200,37.0,-7.0,47.0,24.0,22.0,-19.0
69240,29.0,-38.0,56.0,24.0,23.0,-19.0
69280,21.0,-47.0,42.0,22.0,22.0,-15.0
69320,6.0,-39.0,40.0,20.0,22.0,-14.0
69360,-4.0,-79.0,43.0,18.0,23.0,-10.0
69400,-9.0,-88.0,43.0,18.0,23.0,-8.0
69440,-7.0,-66.0,46.0,17.0,22.0,-8.0
69480,-4.0,-66.0,37.0,16.0,21.0,-7.0
69520,-4.0,-76.0,39.0,16.0,21.0,-5.0
69560,9.0,-79.0,38.0,13.0,20.0,-8.0
69600,21.0,-40.0,32.0,12.0,18.0,-8.0
69640,16.0,-26.0,25.0,11.0,19.0,-11.0
69680,9.0,-39.0,27.0,10.0,17.0,-14.0
69720,17.0,-52.0,44.0,9.0,17.0,-13.0
69760,19.0,-23.0,70.0,7.0,16.0,-15.0
69800,13.0,-28.0,56.0,4.0,14.0,-15.0
69840,14.0,-45.0,32.0,3.0,13.0,-15.0
69880,28.0,-47.0,29.0,1.0,14.0,-14.0
69920,41.0,-62.0,54.0,2.0,14.0,-14.0
69960,31.0,-49.0,77.0,0.0,12.0,-13.0
70000,17.0,-48.0,65.0,1.0,13.0,-13.0
70040,20.0,-49.0,45.0,-1.0,9.0,-9.0
70080,33.0,-32.0,42.0,-4.0,8.0,-8.0
70120,36.0,-3.0,55.0,-5.0,8.0,-6.0
70160,44.0,-19.0,62.0,-4.0,7.0,-8.0
70200,50.0,-3.0,60.0,-4.0,4.0,-4.0
70240,52.0,17.0,63.0,-5.0,3.0,-5.0
70280,55.0,10.0,69.0,-7.0,2.0,-4.0
70320,56.0,6.0,70.0,-9.0,0.0,-6.0
70360,61.0,5.0,61.0,-9.0,-1.0,-8.0
70400,56.0,10.0,71.0,-10.0,-2.0,-6.0
70440,44.0,-6.0,81.0,-10.0,-4.0,-5.0
70480,38.0,-8.0,93.0,-10.0,-3.0,-5.0
70520,39.0,-5.0,88.0,-11.0,-5.0,-3.0
70560,40.0,8.0,85.0,-14.0,-7.0,-1.0
70600,44.0,18.0,85.0,-14.0,-5.0,4.0
70640,49.0,17.0,90.0,-14.0,-6.0,8.0
70680,52.0,21.0,93.0,-15.0,-6.0,8.0
70720,49.0,18.0,86.0,-16.0,-6.0,10.0
70760,47.0,21.0,70.0,-17.0,-8.0,9.0
70800,51.0,-9.0,65.0,-19.0,-11.0,11.0
70840,55.0,-4.0,62.0,-18.0,-11.0,10.0
70880,59.0,-13.0,63.0,-17.0,-12.0,11.0
70920,67.0,-17.0,44.0,-16.0,-15.0,10.0
70960,74.0,-27.0,20.0,-17.0,-15.0,12.0
71000,69.0,-3.0,19.0,-18.0,-18.0,11.0
71040,65.0,-19.0,17.0,-18.0,-18.0,13.0
71080,61.0,-8.0,-2.0,-18.0,-18.0,12.0
71120,56.0,16.0,-23.0,-19.0,-17.0,10.0
71160,55.0,22.0,-32.0,-20.0,-17.0,9.0
71200,56.0,27.0,-20.0,-18.0,-18.0,7.0
71240,60.0,41.0,-23.0,-21.0,-19.0,7.0
71280,65.0,58.0,-31.0,-19.0,-17.0,7.0
71320,65.0,77.0,-27.0,-18.0,-19.0,7.0
71360,64.0,98.0,-11.0,-16.0,-21.0,9.0
71400,70.0,86.0,-13.0,-17.0,-22.0,12.0
71440,75.0,88.0,-17.0,-17.0,-23.0,14.0
71480,66.0,93.0,-23.0,-19.0,-25.0,15.0
71520,63.0,40.0,-31.0,-19.0,-25.0,15.0
71560,65.0,26.0,-31.0,-19.0,-24.0,13.0
71600,63.0,15.0,-43.0,-20.0,-22.0,14.0
71640,60.0,-10.0,-47.0,-21.0,-23.0,12.0
71680,52.0,-44.0,-68.0,-21.0,-22.0,15.0
71720,44.0,-15.0,-76.0,-20.0,-22.0,12.0
71760,31.0,-10.0,-87.0,-18.0,-22.0,12.0
71800,14.0,-4.0,-88.0,-19.0,-23.0,11.0
71840,15.0,3.0,-93.0,-18.0,-24.0,12.0
71880,25.0,21.0,-109.0,-15.0,-25.0,11.0
71920,38.0,24.0,-111.0,-16.0,-25.0,8.0
71960,57.0,1.0,-121.0,-14.0,-26.0,6.0
72000,82.0,-12.0,-116.0,-15.0,-25.0,5.0
72040,94.0,-4.0,-111.0,-14.0,-25.0,5.0
72080,97.0,11.0,-108.0,-13.0,-25.0,5.0
72120,92.0,1.0,-109.0,-12.0,-24.0,7.0
72160,92.0,-3.0,-109.0,-11.0,-24.0,10.0
72200,89.0,27.0,-108.0,-11.0,-23.0,11.0
72240,81.0,16.0,-106.0,-10.0,-23.0,12.0
72280,67.0,-11.0,-104.0,-10.0,-25.0,11.0
72320,57.0,-6.0,-94.0,-9.0,-23.0,12.0
72360,56.0,-24.0,-93.0,-12.0,-22.0,10.0
72400,53.0,-26.0,-92.0,-10.0,-19.0,10.0
72440,54.0,-39.0,-106.0,-9.0,-20.0,11.0
72480,60.0,-32.0,-98.0,-9.0,-18.0,7.0
72520,62.0,-19.0,-79.0,-7.0,-18.0,6.0
72560,52.0,0.0,-68.0,-7.0,-18.0,5.0
72600,50.0,-13.0,-68.0,-5.0,-19.0,3.0
72640,52.0,7.0,-67.0,-4.0,-20.0,1.0
72680,53.0,28.0,-50.0,-3.0,-20.0,-3.0
72720,57.0,8.0,-38.0,-2.0,-19.0,-7.0
72760,63.0,1.0,-33.0,-1.0,-18.0,-8.0
72800,73.0,11.0,-24.0,0.0,-17.0,-7.0
72840,69.0,18.0,-19.0,0.0,-15.0,-6.0
72880,62.0,4.0,-16.0,0.0,-13.0,-6.0
72920,55.0,2.0,-19.0,0.0,-12.0,-2.0
72960,51.0,-10.0,-24.0,3.0,-9.0,4.0
73000,49.0,-15.0,-28.0,1.0,-8.0,6.0
73040,60.0,-36.0,-14.0,1.0,-7.0,6.0
73080,72.0,-60.0,-6.0,2.0,-5.0,7.0
73120,79.0,-67.0,2.0,2.0,-4.0,6.0
73160,79.0,-56.0,-8.0,4.0,-3.0,5.0
73200,77.0,-61.0,-10.0,2.0,-2.0,3.0
73240,70.0,-31.0,8.0,3.0,-3.0,-1.0
73280,55.0,-6.0,30.0,4.0,-4.0,-2.0
73320,48.0,-18.0,37.0,4.0,-5.0,-5.0
73360,53.0,0.0,33.0,3.0,-5.0,-7.0
73400,49.0,37.0,31.0,5.0,-5.0,-8.0
73440,42.0,12.0,38.0,3.0,-2.0,-10.0
73480,42.0,-5.0,44.0,4.0,-1.0,-11.0
73520,45.0,14.0,43.0,5.0,3.0,-10.0
73560,39.0,16.0,43.0,6.0,5.0,-10.0
73600,36.0,-16.0,40.0,5.0,7.0,-7.0
73640,44.0,1.0,44.0,5.0,8.0,-5.0
73680,39.0,41.0,41.0,7.0,10.0,-2.0
73720,29.0,26.0,35.0,6.0,11.0,0.0
73760,34.0,-8.0,32.0,5.0,10.0,2.0
73800,46.0,4.0,19.0,5.0,10.0,2.0
73840,48.0,18.0,16.0,3.0,10.0,0.0
73880,44.0,-26.0,12.0,3.0,8.0,0.0
73920,48.0,-40.0,1.0,4.0,9.0,-3.0
73960,48.0,2.0,-19.0,1.0,9.0,-4.0
74000,31.0,29.0,-4.0,3.0,9.0,-7.0
74040,18.0,7.0,-3.0,2.0,9.0,-7.0
74080,33.0,-8.0,-11.0,3.0,10.0,-7.0
74120,41.0,43.0,-23.0,3.0,10.0,-8.0
74160,37.0,49.0,-30.0,1.0,10.0,-7.0
74200,37.0,5.0,-28.0,2.0,11.0,-5.0
74240,50.0,5.0,-31.0,1.0,13.0,-4.0
74280,54.0,40.0,-47.0,3.0,15.0,-3.0
74320,50.0,33.0,-49.0,3.0,14.0,2.0
74360,49.0,15.0,-54.0,1.0,16.0,5.0
74400,54.0,29.0,-60.0,1.0,16.0,7.0
74440,50.0,46.0,-58.0,-1.0,14.0,11.0
74480,41.0,43.0,-62.0,0.0,13.0,16.0
74520,47.0,16.0,-73.0,-2.0,14.0,18.0
74560,63.0,-7.0,-88.0,-3.0,13.0,18.0
74600,69.0,-10.0,-89.0,-7.0,14.0,18.0
74640,57.0,-16.0,-92.0,-6.0,15.0,17.0
74680,29.0,-95.0,-91.0,-6.0,15.0,15.0
74720,-7.0,-144.0,-61.0,-7.0,16.0,11.0
74760,-60.0,-99.0,4.0,-8.0,14.0,7.0
74800,-105.0,-29.0,40.0,-10.0,15.0,4.0
74840,-92.0,-37.0,-28.0,-10.0,16.0,2.0
74880,-30.0,-35.0,-151.0,-10.0,16.0,-2.0
74920,26.0,-15.0,-210.0,-10.0,17.0,-5.0
74960,29.0,-9.0,-149.0,-6.0,13.0,-8.0
75000,2.0,-20.0,-75.0,-2.0,7.0,-8.0
75040,-17.0,-1.0,-49.0,1.0,1.0,-4.0
75080,-15.0,68.0,-67.0,-2.0,-1.0,1.0
75120,16.0,85.0,-80.0,-8.0,-2.0,4.0
75160,67.0,76.0,-60.0,-12.0,1.0,5.0
75200,116.0,27.0,-43.0,-13.0,4.0,7.0
75240,121.0,-8.0,-34.0,-13.0,7.0,9.0
75280,70.0,-16.0,-22.0,-13.0,8.0,12.0
75320,-19.0,-32.0,-7.0,-17.0,8.0,11.0
75360,-106.0,-82.0,26.0,-16.0,7.0,7.0
75400,-157.0,-127.0,72.0,-14.0,7.0,5.0
75440,-170.0,-113.0,121.0,-12.0,8.0,1.0
75480,-161.0,-80.0,154.0,-11.0,4.0,-1.0
75520,-132.0,-57.0,149.0,-11.0,2.0,-6.0
75560,-95.0,-19.0,119.0,-11.0,-1.0,-17.0
75600,-70.0,2.0,63.0,-14.0,0.0,-24.0
75640,-56.0,-31.0,5.0,-14.0,-1.0,-30.0
75680,-53.0,23.0,-3.0,-13.0,-8.0,-35.0
75720,-50.0,113.0,11.0,-12.0,-14.0,-38.0
75760,-18.0,77.0,19.0,-9.0,-17.0,-37.0
75800,33.0,62.0,17.0,-12.0,-17.0,-32.0
75840,60.0,164.0,7.0,-12.0,-16.0,-25.0
75880,63.0,162.0,54.0,-10.0,-13.0,-21.0
75920,57.0,51.0,127.0,-8.0,-9.0,-13.0
75960,61.0,-68.0,158.0,-6.0,-5.0,-2.0
76000,51.0,-94.0,167.0,-7.0,-5.0,7.0
76040,1.0,-88.0,155.0,-9.0,-9.0,11.0
76080,-52.0,-139.0,137.0,-13.0,-9.0,10.0
76120,-72.0,-151.0,177.0,-14.0,-8.0,6.0
76160,-92.0,-42.0,236.0,-9.0,-9.0,6.0
76200,-106.0,24.0,277.0,-7.0,-11.0,1.0
76240,-69.0,18.0,266.0,-5.0,-19.0,-10.0
76280,-4.0,68.0,228.0,-6.0,-22.0,-18.0
76320,53.0,95.0,212.0,-5.0,-26.0,-21.0
76360,74.0,114.0,210.0,2.0,-26.0,-20.0
76400,82.0,123.0,164.0,7.0,-33.0,-22.0
76440,100.0,100.0,125.0,10.0,-34.0,-21.0
76480,113.0,124.0,111.0,11.0,-32.0,-16.0
76520,128.0,128.0,83.0,9.0,-28.0,-8.0
76560,171.0,95.0,55.0,11.0,-25.0,4.0
76600,207.0,95.0,19.0,11.0,-23.0,10.0
76640,209.0,99.0,4.0,10.0,-18.0,16.0
76680,197.0,43.0,3.0,10.0,-13.0,27.0
76720,195.0,-2.0,-52.0,15.0,-11.0,37.0
76760,202.0,4.0,-102.0,15.0,-16.0,40.0
76800,199.0,-4.0,-127.0,17.0,-20.0,38.0
76840,192.0,25.0,-145.0,21.0,-23.0,36.0
76880,207.0,54.0,-178.0,26.0,-24.0,36.0
76920,233.0,76.0,-211.0,25.0,-26.0,35.0
76960,252.0,94.0,-228.0,27.0,-30.0,29.0
77000,272.0,96.0,-247.0,26.0,-31.0,24.0
77040,295.0,100.0,-266.0,23.0,-30.0,24.0
77080,304.0,87.0,-275.0,22.0,-27.0,28.0
77120,294.0,86.0,-257.0,22.0,-24.0,31.0
77160,278.0,85.0,-244.0,20.0,-22.0,35.0
77200,255.0,80.0,-245.0,21.0,-16.0,38.0
77240,217.0,81.0,-227.0,19.0,-10.0,44.0
77280,188.0,68.0,-195.0,19.0,-4.0,52.0
77320,171.0,101.0,-165.0,19.0,-2.0,57.0
77360,161.0,116.0,-154.0,19.0,1.0,60.0
77400,156.0,88.0,-158.0,17.0,3.0,62.0
77440,157.0,62.0,-160.0,16.0,4.0,63.0
77480,153.0,76.0,-150.0,12.0,3.0,63.0
77520,147.0,37.0,-137.0,12.0,1.0,59.0
77560,139.0,5.0,-123.0,9.0,0.0,51.0
77600,135.0,4.0,-125.0,8.0,3.0,43.0
77640,137.0,12.0,-129.0,4.0,4.0,37.0
77680,128.0,10.0,-134.0,4.0,3.0,30.0
77720,108.0,-3.0,-122.0,4.0,4.0,23.0
77760,81.0,-3.0,-100.0,6.0,9.0,15.0
77800,44.0,24.0,-84.0,4.0,9.0,13.0
77840,8.0,41.0,-89.0,3.0,12.0,13.0
77880,-16.0,24.0,-99.0,2.0,13.0,15.0
77920,-23.0,10.0,-109.0,2.0,14.0,14.0
77960,-21.0,10.0,-99.0,2.0,18.0,14.0
78000,-25.0,-6.0,-85.0,2.0,21.0,17.0
78040,-33.0,-27.0,-64.0,0.0,23.0,18.0
78080,-20.0,-50.0,-64.0,-3.0,26.0,19.0
78120,-3.0,-35.0,-70.0,-3.0,25.0,17.0
78160,1.0,-20.0,-62.0,-3.0,24.0,11.0
78200,-1.0,-53.0,-36.0,-5.0,22.0,7.0
78240,1.0,-70.0,-9.0,-4.0,20.0,1.0
78280,3.0,-55.0,27.0,-3.0,17.0,-9.0
78320,1.0,-60.0,46.0,-4.0,16.0,-16.0
78360,0.0,-101.0,52.0,-7.0,16.0,-22.0
78400,6.0,-128.0,47.0,-7.0,13.0,-25.0
78440,3.0,-140.0,56.0,-6.0,13.0,-27.0
78480,-8.0,-169.0,73.0,-6.0,17.0,-30.0
78520,-25.0,-184.0,87.0,-9.0,19.0,-34.0
78560,-41.0,-168.0,80.0,-12.0,23.0,-31.0
78600,-45.0,-178.0,63.0,-14.0,24.0,-31.0
78640,-31.0,-163.0,52.0,-12.0,25.0,-33.0
78680,-17.0,-153.0,60.0,-10.0,24.0,-36.0
78720,-9.0,-143.0,69.0,-10.0,23.0,-41.0
78760,4.0,-146.0,70.0,-11.0,22.0,-45.0
78800,25.0,-118.0,65.0,-12.0,19.0,-46.0
78840,34.0,-80.0,62.0,-10.0,14.0,-48.0
78880,46.0,-57.0,45.0,-10.0,10.0,-52.0
78920,65.0,-39.0,28.0,-12.0,9.0,-53.0
78960,88.0,-20.0,11.0,-13.0,9.0,-51.0
79000,104.0,-31.0,-3.0,-15.0,11.0,-48.0
79040,120.0,-40.0,0.0,-14.0,13.0,-46.0
79080,142.0,-63.0,-31.0,-16.0,15.0,-44.0
79120,161.0,-89.0,-68.0,-15.0,18.0,-41.0
79160,163.0,-101.0,-87.0,-15.0,19.0,-35.0
79200,150.0,-95.0,-107.0,-16.0,17.0,-31.0
79240,133.0,-97.0,-120.0,-16.0,16.0,-30.0
79280,115.0,-66.0,-135.0,-17.0,14.0,-28.0
79320,98.0,-14.0,-161.0,-17.0,11.0,-26.0
79360,99.0,10.0,-180.0,-17.0,10.0,-20.0
79400,116.0,37.0,-198.0,-17.0,9.0,-18.0
79440,143.0,36.0,-210.0,-18.0,9.0,-19.0
79480,173.0,10.0,-193.0,-21.0,11.0,-18.0
79520,188.0,-11.0,-171.0,-23.0,12.0,-12.0
79560,196.0,-30.0,-182.0,-23.0,13.0,-8.0
79600,198.0,-26.0,-213.0,-25.0,12.0,-3.0
79640,191.0,-20.0,-256.0,-26.0,13.0,1.0
79680,171.0,5.0,-275.0,-29.0,13.0,8.0
79720,149.0,33.0,-266.0,-29.0,15.0,15.0
79760,129.0,43.0,-240.0,-29.0,12.0,20.0
79800,119.0,59.0,-230.0,-28.0,10.0,25.0
79840,114.0,69.0,-236.0,-30.0,8.0,30.0
79880,114.0,64.0,-253.0,-30.0,9.0,36.0
79920,117.0,49.0,-262.0,-32.0,8.0,37.0
79960,115.0,53.0,-258.0,-33.0,8.0,37.0
80000,101.0,63.0,-240.0,-32.0,8.0,36.0
80040,87.0,74.0,-245.0,-32.0,9.0,36.0
80080,83.0,82.0,-257.0,-32.0,7.0,35.0
80120,79.0,96.0,-252.0,-30.0,5.0,31.0
80160,72.0,102.0,-248.0,-33.0,1.0,29.0
80200,59.0,83.0,-242.0,-34.0,-2.0,29.0
80240,50.0,63.0,-239.0,-34.0,-4.0,32.0
80280,45.0,65.0,-257.0,-33.0,-5.0,35.0
80320,44.0,53.0,-272.0,-32.0,-9.0,40.0
80360,47.0,43.0,-299.0,-34.0,-9.0,45.0
80400,46.0,29.0,-325.0,-35.0,-7.0,50.0
80440,35.0,24.0,-330.0,-33.0,-5.0,55.0
80480,18.0,13.0,-337.0,-31.0,-3.0,56.0
80520,3.0,-24.0,-335.0,-28.0,-2.0,55.0
80560,-8.0,-39.0,-331.0,-28.0,-4.0,52.0
80600,-16.0,-46.0,-309.0,-26.0,-4.0,46.0
80640,-24.0,-53.0,-287.0,-27.0,-9.0,35.0
80680,-27.0,-87.0,-275.0,-26.0,-13.0,24.0
80720,-31.0,-59.0,-263.0,-25.0,-16.0,13.0
80760,-45.0,-22.0,-269.0,-24.0,-19.0,1.0
80800,-60.0,-18.0,-272.0,-23.0,-22.0,-7.0
80840,-70.0,-12.0,-274.0,-24.0,-26.0,-18.0
80880,-66.0,21.0,-264.0,-23.0,-29.0,-24.0
80920,-62.0,14.0,-244.0,-20.0,-27.0,-26.0
80960,-56.0,-30.0,-206.0,-17.0,-26.0,-28.0
81000,-55.0,-43.0,-177.0,-15.0,-24.0,-24.0
81040,-57.0,-67.0,-161.0,-15.0,-26.0,-19.0
81080,-78.0,-71.0,-157.0,-15.0,-26.0,-16.0
81120,-102.0,-58.0,-166.0,-16.0,-25.0,-12.0
81160,-126.0,-48.0,-141.0,-16.0,-25.0,-11.0
81200,-146.0,-49.0,-114.0,-15.0,-25.0,-10.0
81240,-165.0,-38.0,-81.0,-14.0,-26.0,-15.0
81280,-177.0,-6.0,-49.0,-13.0,-30.0,-22.0
81320,-181.0,5.0,-15.0,-13.0,-32.0,-31.0
81360,-179.0,16.0,32.0,-12.0,-31.0,-40.0
81400,-164.0,31.0,66.0,-9.0,-31.0,-49.0
81440,-138.0,78.0,80.0,-9.0,-31.0,-56.0
81480,-115.0,75.0,80.0,-7.0,-31.0,-63.0
81520,-104.0,76.0,81.0,-4.0,-33.0,-62.0
81560,-94.0,75.0,70.0,-4.0,-34.0,-62.0
81600,-100.0,95.0,46.0,-5.0,-34.0,-58.0
81640,-117.0,78.0,23.0,-2.0,-35.0,-53.0
81680,-131.0,55.0,20.0,-2.0,-34.0,-44.0
81720,-132.0,38.0,22.0,-2.0,-34.0,-34.0
81760,-122.0,14.0,22.0,-2.0,-31.0,-23.0
81800,-116.0,7.0,11.0,-1.0,-33.0,-13.0
81840,-118.0,-11.0,11.0,-1.0,-30.0,-1.0
81880,-134.0,-53.0,37.0,-1.0,-27.0,9.0
81920,-159.0,-57.0,82.0,1.0,-26.0,16.0
81960,-197.0,30.0,85.0,4.0,-26.0,20.0
82000,-224.0,2.0,68.0,7.0,-26.0,20.0
82040,-216.0,-86.0,47.0,8.0,-25.0,17.0
82080,-196.0,-26.0,90.0,8.0,-26.0,13.0
82120,-191.0,58.0,149.0,9.0,-25.0,7.0
82160,-192.0,21.0,197.0,12.0,-26.0,7.0
82200,-169.0,-9.0,169.0,12.0,-27.0,8.0
82240,-138.0,46.0,169.0,12.0,-28.0,9.0
82280,-149.0,100.0,221.0,14.0,-28.0,11.0
82320,-179.0,29.0,279.0,16.0,-28.0,11.0
82360,-191.0,-7.0,341.0,20.0,-30.0,17.0
82400,-202.0,20.0,390.0,21.0,-27.0,19.0
82440,-244.0,39.0,451.0,21.0,-25.0,23.0
82480,-269.0,-1.0,494.0,21.0,-26.0,23.0
82520,-258.0,-41.0,518.0,21.0,-24.0,23.0
82560,-240.0,-27.0,571.0,21.0,-21.0,24.0
82600,-234.0,-26.0,621.0,23.0,-19.0,21.0
82640,-225.0,-10.0,616.0,23.0,-21.0,20.0
82680,-205.0,4.0,586.0,27.0,-25.0,11.0
82720,-205.0,41.0,575.0,32.0,-27.0,3.0
82760,-213.0,40.0,572.0,40.0,-31.0,-6.0
82800,-209.0,25.0,573.0,44.0,-34.0,-12.0
82840,-198.0,59.0,539.0,49.0,-38.0,-18.0
82880,-179.0,40.0,480.0,53.0,-41.0,-23.0
82920,-154.0,58.0,433.0,57.0,-42.0,-24.0
82960,-127.0,68.0,339.0,61.0,-40.0,-21.0
83000,-105.0,97.0,278.0,64.0,-39.0,-19.0
83040,-90.0,85.0,239.0,66.0,-35.0,-17.0
83080,-72.0,52.0,226.0,69.0,-32.0,-13.0
83120,-53.0,39.0,204.0,73.0,-31.0,-13.0
83160,-33.0,19.0,164.0,75.0,-33.0,-10.0
83200,-25.0,9.0,132.0,75.0,-36.0,-10.0
83240,-12.0,-11.0,107.0,77.0,-37.0,-13.0
83280,4.0,-6.0,80.0,77.0,-34.0,-16.0
83320,24.0,-6.0,58.0,80.0,-35.0,-16.0
83360,33.0,26.0,51.0,81.0,-38.0,-18.0
83400,38.0,42.0,34.0,79.0,-39.0,-19.0
83440,56.0,-9.0,12.0,79.0,-37.0,-20.0
83480,52.0,36.0,18.0,81.0,-35.0,-19.0
83520,25.0,16.0,36.0,83.0,-33.0,-19.0
83560,-2.0,-17.0,61.0,81.0,-31.0,-19.0
83600,-9.0,-11.0,64.0,79.0,-28.0,-16.0
83640,-17.0,33.0,66.0,76.0,-25.0,-13.0
83680,-23.0,39.0,74.0,76.0,-23.0,-7.0
83720,-10.0,42.0,74.0,73.0,-20.0,-3.0
83760,4.0,84.0,97.0,70.0,-18.0,0.0
83800,-8.0,99.0,127.0,66.0,-17.0,6.0
83840,-32.0,98.0,152.0,65.0,-14.0,11.0
83880,-30.0,58.0,151.0,64.0,-14.0,15.0
83920,-16.0,63.0,144.0,61.0,-12.0,16.0
83960,-9.0,74.0,146.0,56.0,-10.0,17.0
84000,-1.0,20.0,141.0,53.0,-6.0,19.0
84040,13.0,-5.0,127.0,53.0,-4.0,21.0
84080,24.0,19.0,103.0,50.0,0.0,19.0
84120,16.0,38.0,98.0,47.0,1.0,23.0
84160,-1.0,5.0,75.0,44.0,3.0,22.0
84200,-5.0,2.0,67.0,43.0,2.0,27.0
84240,-8.0,40.0,79.0,42.0,2.0,27.0
84280,-32.0,50.0,107.0,38.0,2.0,28.0
84320,-56.0,42.0,131.0,35.0,5.0,28.0
84360,-55.0,55.0,142.0,34.0,7.0,30.0
84400,-49.0,101.0,165.0,33.0,9.0,29.0
84440,-44.0,104.0,194.0,29.0,12.0,29.0
84480,-36.0,87.0,221.0,26.0,14.0,29.0
84520,-26.0,93.0,253.0,24.0,17.0,29.0
84560,-37.0,105.0,288.0,20.0,19.0,30.0
84600,-56.0,103.0,332.0,18.0,20.0,31.0
84640,-65.0,67.0,362.0,17.0,18.0,33.0
84680,-55.0,67.0,391.0,15.0,16.0,36.0
84720,-46.0,55.0,415.0,14.0,15.0,36.0
84760,-34.0,20.0,433.0,11.0,15.0,37.0
84800,-19.0,-1.0,432.0,8.0,15.0,37.0
84840,-7.0,-16.0,424.0,6.0,14.0,40.0
84880,-5.0,-38.0,418.0,6.0,14.0,39.0
84920,1.0,-81.0,409.0,7.0,16.0,37.0
84960,7.0,-73.0,416.0,6.0,16.0,34.0
85000,11.0,-96.0,409.0,5.0,19.0,32.0
85040,11.0,-105.0,405.0,5.0,18.0,26.0
85080,15.0,-88.0,389.0,6.0,16.0,22.0
85120,24.0,-62.0,347.0,6.0,16.0,16.0
85160,34.0,-43.0,305.0,7.0,16.0,10.0
85200,47.0,-39.0,270.0,6.0,12.0,4.0
85240,63.0,-20.0,237.0,6.0,12.0,-2.0
85280,78.0,-4.0,217.0,5.0,10.0,-8.0
85320,80.0,34.0,183.0,5.0,11.0,-10.0
85360,82.0,4.0,139.0,3.0,10.0,-12.0
85400,96.0,1.0,108.0,2.0,10.0,-13.0
85440,105.0,31.0,78.0,2.0,13.0,-14.0
85480,114.0,-17.0,39.0,2.0,15.0,-16.0
85520,123.0,-56.0,7.0,0.0,14.0,-16.0
85560,128.0,-50.0,-30.0,-1.0,16.0,-14.0
85600,123.0,-61.0,-53.0,-2.0,14.0,-15.0
85640,117.0,-116.0,-71.0,-1.0,13.0,-16.0
85680,115.0,-135.0,-97.0,-3.0,12.0,-19.0
85720,115.0,-121.0,-112.0,-5.0,13.0,-23.0
85760,111.0,-127.0,-121.0,-8.0,13.0,-28.0
85800,113.0,-120.0,-128.0,-10.0,13.0,-32.0
85840,126.0,-106.0,-139.0,-11.0,12.0,-39.0
85880,140.0,-65.0,-144.0,-11.0,12.0,-44.0
85920,138.0,-24.0,-156.0,-13.0,13.0,-48.0
85960,144.0,-17.0,-170.0,-15.0,13.0,-51.0
86000,155.0,4.0,-176.0,-17.0,15.0,-53.0
86040,161.0,22.0,-180.0,-17.0,14.0,-55.0
86080,154.0,32.0,-183.0,-17.0,15.0,-52.0
86120,146.0,20.0,-196.0,-19.0,14.0,-47.0
86160,135.0,23.0,-202.0,-24.0,15.0,-41.0
86200,129.0,9.0,-202.0,-24.0,16.0,-36.0
86240,128.0,-15.0,-201.0,-26.0,18.0,-30.0
86280,127.0,-26.0,-205.0,-27.0,19.0,-23.0
86320,116.0,-41.0,-227.0,-29.0,19.0,-14.0
86360,102.0,-52.0,-247.0,-29.0,17.0,-11.0
86400,98.0,-51.0,-253.0,-29.0,17.0,-10.0
86440,105.0,-47.0,-253.0,-32.0,16.0,-11.0
86480,126.0,-64.0,-252.0,-31.0,16.0,-13.0
86520,156.0,-72.0,-254.0,-30.0,15.0,-14.0
86560,176.0,-33.0,-256.0,-27.0,13.0,-15.0
86600,183.0,-30.0,-266.0,-29.0,10.0,-18.0
86640,188.0,-30.0,-279.0,-27.0,7.0,-16.0
86680,188.0,-24.0,-278.0,-27.0,5.0,-16.0
86720,189.0,-35.0,-267.0,-26.0,4.0,-13.0
86760,191.0,-43.0,-257.0,-26.0,4.0,-10.0
86800,189.0,-46.0,-266.0,-24.0,2.0,-6.0
86840,191.0,-71.0,-261.0,-22.0,2.0,0.0
86880,190.0,-73.0,-239.0,-22.0,4.0,6.0
86920,181.0,-63.0,-219.0,-23.0,4.0,10.0
86960,173.0,-64.0,-197.0,-20.0,5.0,14.0
87000,164.0,-47.0,-179.0,-17.0,5.0,18.0
87040,167.0,-39.0,-162.0,-17.0,7.0,21.0
87080,172.0,-25.0,-147.0,-16.0,2.0,23.0
87120,174.0,-22.0,-129.0,-12.0,-2.0,19.0
87160,161.0,19.0,-111.0,-13.0,-5.0,18.0
87200,153.0,11.0,-89.0,-10.0,-7.0,14.0
87240,154.0,0.0,-69.0,-9.0,-8.0,10.0
87280,167.0,11.0,-54.0,-8.0,-9.0,6.0
87320,187.0,14.0,-55.0,-7.0,-10.0,3.0
87360,199.0,7.0,-59.0,-5.0,-11.0,0.0
87400,196.0,9.0,-60.0,-3.0,-9.0,0.0
87440,189.0,-2.0,-53.0,-1.0,-9.0,0.0
87480,177.0,24.0,-45.0,2.0,-10.0,1.0
87520,172.0,31.0,-65.0,4.0,-10.0,3.0
87560,182.0,15.0,-77.0,8.0,-10.0,6.0
87600,194.0,10.0,-80.0,10.0,-9.0,10.0
87640,199.0,22.0,-78.0,10.0,-8.0,10.0
87680,196.0,22.0,-82.0,12.0,-6.0,10.0
87720,191.0,4.0,-98.0,12.0,-6.0,8.0
87760,185.0,9.0,-105.0,11.0,-3.0,7.0
87800,178.0,6.0,-112.0,14.0,-5.0,8.0
87840,174.0,9.0,-133.0,13.0,-6.0,5.0
87880,171.0,5.0,-145.0,14.0,-6.0,0.0
87920,162.0,12.0,-149.0,13.0,-6.0,-4.0
87960,146.0,15.0,-135.0,15.0,-6.0,-7.0
88000,134.0,26.0,-139.0,15.0,-5.0,-8.0
88040,127.0,42.0,-156.0,17.0,-5.0,-11.0
88080,124.0,64.0,-163.0,17.0,-2.0,-13.0
88120,125.0,79.0,-153.0,17.0,0.0,-13.0
88160,130.0,91.0,-143.0,16.0,3.0,-13.0
88200,136.0,109.0,-136.0,14.0,2.0,-9.0
88240,141.0,103.0,-139.0,13.0,3.0,-7.0
88280,130.0,114.0,-148.0,12.0,5.0,-3.0
88320,123.0,102.0,-157.0,12.0,5.0,0.0
88360,119.0,84.0,-155.0,11.0,7.0,2.0
88400,119.0,51.0,-147.0,12.0,9.0,3.0
88440,116.0,34.0,-134.0,11.0,11.0,5.0
88480,103.0,30.0,-136.0,11.0,12.0,7.0
88520,89.0,6.0,-151.0,9.0,14.0,6.0
88560,77.0,9.0,-163.0,8.0,15.0,6.0
88600,62.0,3.0,-172.0,9.0,15.0,5.0
88640,44.0,2.0,-174.0,6.0,15.0,4.0
88680,28.0,7.0,-183.0,8.0,15.0,3.0
88720,23.0,14.0,-190.0,6.0,15.0,4.0
88760,14.0,31.0,-185.0,5.0,15.0,5.0
88800,10.0,4.0,-183.0,4.0,15.0,6.0
88840,14.0,15.0,-189.0,5.0,16.0,7.0
88880,17.0,10.0,-199.0,4.0,17.0,9.0
88920,10.0,11.0,-189.0,4.0,18.0,12.0
88960,2.0,-27.0,-192.0,4.0,18.0,17.0
89000,-2.0,-38.0,-186.0,4.0,19.0,20.0
89040,-20.0,2.0,-181.0,3.0,19.0,21.0
89080,-28.0,-39.0,-184.0,2.0,19.0,24.0
89120,-18.0,-66.0,-169.0,3.0,20.0,23.0
89160,0.0,-79.0,-150.0,3.0,20.0,22.0
89200,7.0,-71.0,-128.0,2.0,23.0,20.0
89240,-2.0,-62.0,-120.0,0.0,21.0,15.0
89280,-18.0,-61.0,-115.0,-1.0,21.0,12.0
89320,-34.0,-89.0,-95.0,0.0,21.0,11.0
89360,-55.0,-97.0,-61.0,-3.0,20.0,7.0
89400,-76.0,-81.0,-25.0,-2.0,20.0,3.0
89440,-93.0,-125.0,-6.0,-1.0,17.0,-1.0
89480,-111.0,-151.0,12.0,-1.0,18.0,-2.0
89520,-126.0,-138.0,36.0,-1.0,17.0,-2.0
89560,-143.0,-153.0,49.0,-1.0,18.0,-8.0
89600,-167.0,-146.0,51.0,0.0,16.0,-12.0
89640,-197.0,-137.0,65.0,-1.0,17.0,-17.0
89680,-223.0,-106.0,80.0,-2.0,16.0,-20.0
89720,-255.0,-74.0,89.0,-2.0,14.0,-22.0
89760,-273.0,-20.0,99.0,0.0,11.0,-26.0
89800,-271.0,35.0,119.0,-2.0,8.0,-27.0
89840,-257.0,60.0,141.0,-1.0,7.0,-31.0
89880,-228.0,84.0,163.0,-1.0,5.0,-31.0
89920,-188.0,85.0,174.0,0.0,6.0,-31.0
89960,-149.0,84.0,188.0,2.0,4.0,-33.0
90000,-10.0,-20.0,61.0,-21.0,-9.0,3.0
90040,9.0,-4.0,66.0,-22.0,-10.0,3.0
90080,20.0,30.0,74.0,-22.0,-11.0,7.0
90120,26.0,21.0,75.0,-21.0,-11.0,10.0
90160,33.0,9.0,81.0,-21.0,-14.0,12.0
90200,38.0,16.0,83.0,-20.0,-14.0,14.0
90240,27.0,23.0,93.0,-19.0,-17.0,19.0
90280,15.0,4.0,91.0,-20.0,-16.0,22.0
90320,12.0,18.0,87.0,-20.0,-18.0,24.0
90360,19.0,31.0,82.0,-19.0,-18.0,23.0
90400,19.0,23.0,84.0,-20.0,-21.0,24.0
90440,15.0,22.0,75.0,-21.0,-20.0,25.0
90480,12.0,27.0,59.0,-21.0,-22.0,23.0
90520,7.0,36.0,53.0,-19.0,-23.0,19.0
90560,4.0,26.0,57.0,-19.0,-24.0,15.0
90600,4.0,39.0,56.0,-18.0,-26.0,13.0
90640,16.0,22.0,45.0,-17.0,-24.0,13.0
90680,29.0,23.0,40.0,-17.0,-25.0,11.0
90720,31.0,22.0,40.0,-16.0,-26.0,10.0
90760,25.0,33.0,39.0,-15.0,-29.0,7.0
90800,17.0,13.0,32.0,-13.0,-28.0,6.0
90840,21.0,5.0,15.0,-13.0,-29.0,7.0
90880,24.0,18.0,8.0,-13.0,-32.0,6.0
90920,25.0,33.0,-4.0,-12.0,-32.0,6.0
90960,30.0,12.0,-17.0,-10.0,-34.0,6.0
91000,40.0,10.0,-18.0,-12.0,-34.0,9.0
91040,46.0,22.0,-13.0,-8.0,-33.0,10.0
91080,50.0,23.0,-13.0,-8.0,-34.0,11.0
91120,59.0,-6.0,-25.0,-7.0,-34.0,10.0
91160,73.0,-6.0,-32.0,-5.0,-33.0,9.0
91200,83.0,-14.0,-34.0,-6.0,-30.0,8.0
91240,79.0,-6.0,-33.0,-4.0,-30.0,8.0
91280,65.0,-10.0,-40.0,-1.0,-31.0,4.0
91320,56.0,-13.0,-48.0,-2.0,-30.0,1.0
91360,49.0,1.0,-60.0,-2.0,-30.0,0.0
91400,52.0,8.0,-70.0,-1.0,-31.0,-2.0
91440,57.0,12.0,-74.0,0.0,-32.0,-3.0
91480,56.0,32.0,-73.0,2.0,-33.0,-4.0
91520,54.0,27.0,-68.0,3.0,-32.0,-6.0
91560,60.0,-4.0,-74.0,3.0,-32.0,-4.0
91600,68.0,6.0,-78.0,5.0,-32.0,-5.0
91640,69.0,12.0,-78.0,6.0,-31.0,-4.0
91680,65.0,-15.0,-76.0,6.0,-30.0,-1.0
91720,60.0,-6.0,-75.0,8.0,-29.0,0.0
91760,57.0,5.0,-79.0,7.0,-28.0,2.0
91800,60.0,-1.0,-69.0,9.0,-27.0,6.0
91840,55.0,26.0,-62.0,9.0,-26.0,5.0
91880,62.0,23.0,-65.0,8.0,-25.0,8.0
91920,77.0,5.0,-60.0,10.0,-22.0,6.0
91960,85.0,4.0,-58.0,11.0,-20.0,7.0
92000,84.0,6.0,-43.0,13.0,-19.0,7.0
92040,81.0,-3.0,-40.0,13.0,-18.0,5.0
92080,80.0,-9.0,-50.0,14.0,-18.0,6.0
92120,75.0,-14.0,-48.0,15.0,-17.0,6.0
92160,75.0,-11.0,-40.0,15.0,-17.0,5.0
92200,73.0,-1.0,-44.0,15.0,-18.0,5.0
92240,70.0,-4.0,-48.0,15.0,-17.0,7.0
92280,70.0,-15.0,-50.0,14.0,-16.0,6.0
92320,60.0,5.0,-27.0,16.0,-15.0,7.0
92360,59.0,-8.0,-24.0,14.0,-13.0,8.0
92400,70.0,-29.0,-27.0,15.0,-12.0,7.0
92440,81.0,0.0,-12.0,14.0,-8.0,8.0
92480,72.0,12.0,8.0,14.0,-5.0,12.0
92520,57.0,-10.0,24.0,16.0,-4.0,14.0
92560,54.0,-5.0,24.0,15.0,-3.0,13.0
92600,53.0,6.0,28.0,15.0,-3.0,14.0
92640,44.0,-19.0,45.0,13.0,0.0,15.0
92680,37.0,-52.0,54.0,14.0,2.0,14.0
92720,32.0,-35.0,53.0,14.0,2.0,12.0
92760,20.0,-33.0,45.0,13.0,5.0,10.0
92800,9.0,-52.0,42.0,12.0,5.0,5.0
92840,16.0,-51.0,41.0,12.0,6.0,5.0
92880,21.0,-20.0,35.0,11.0,7.0,1.0
92920,15.0,-8.0,37.0,11.0,7.0,-4.0
92960,17.0,-29.0,37.0,11.0,8.0,-8.0
93000,30.0,-4.0,23.0,13.0,7.0,-10.0
93040,35.0,8.0,26.0,11.0,8.0,-12.0
93080,30.0,2.0,35.0,11.0,8.0,-14.0
93120,33.0,-23.0,35.0,10.0,10.0,-14.0
93160,40.0,6.0,33.0,10.0,13.0,-16.0
93200,39.0,17.0,35.0,7.0,13.0,-14.0
93240,32.0,-2.0,32.0,7.0,15.0,-11.0
93280,29.0,6.0,33.0,6.0,15.0,-11.0
93320,29.0,18.0,18.0,4.0,17.0,-9.0
93360,21.0,24.0,23.0,5.0,18.0,-8.0
93400,16.0,16.0,25.0,4.0,18.0,-7.0
93440,21.0,15.0,28.0,5.0,18.0,-9.0
93480,30.0,16.0,16.0,4.0,18.0,-10.0
93520,33.0,28.0,7.0,3.0,20.0,-11.0
93560,31.0,31.0,10.0,1.0,21.0,-13.0
93600,31.0,12.0,11.0,-1.0,20.0,-14.0
93640,26.0,25.0,9.0,-1.0,20.0,-14.0
93680,18.0,37.0,-6.0,-2.0,19.0,-12.0
93720,17.0,27.0,-17.0,-4.0,20.0,-11.0
93760,26.0,1.0,-34.0,-7.0,19.0,-8.0
93800,42.0,-8.0,-38.0,-7.0,20.0,-9.0
93840,47.0,-3.0,-36.0,-8.0,21.0,-5.0
93880,46.0,-40.0,-47.0,-7.0,21.0,-2.0
93920,45.0,-56.0,-56.0,-8.0,22.0,1.0
93960,44.0,-15.0,-71.0,-8.0,22.0,3.0
94000,38.0,-5.0,-77.0,-9.0,22.0,8.0
94040,38.0,-18.0,-96.0,-10.0,23.0,11.0
94080,34.0,14.0,-112.0,-11.0,22.0,14.0
94120,20.0,6.0,-105.0,-12.0,22.0,16.0
94160,-2.0,-78.0,-65.0,-13.0,21.0,16.0
94200,-36.0,-80.0,-19.0,-15.0,23.0,17.0
94240,-56.0,-26.0,5.0,-15.0,23.0,14.0
94280,-50.0,10.0,-37.0,-16.0,24.0,12.0
94320,-1.0,-25.0,-141.0,-17.0,26.0,9.0
94360,65.0,-34.0,-198.0,-18.0,25.0,5.0
94400,82.0,24.0,-154.0,-15.0,20.0,3.0
94440,49.0,35.0,-77.0,-12.0,13.0,-1.0
94480,16.0,23.0,-32.0,-11.0,8.0,3.0
94520,14.0,67.0,-46.0,-13.0,5.0,6.0
94560,34.0,112.0,-62.0,-19.0,2.0,9.0
94600,74.0,61.0,-67.0,-22.0,4.0,10.0
94640,114.0,-30.0,-56.0,-22.0,7.0,12.0
94680,117.0,-63.0,-27.0,-22.0,11.0,14.0
94720,57.0,-59.0,2.0,-23.0,16.0,21.0
94760,-41.0,-62.0,28.0,-22.0,17.0,20.0
94800,-121.0,-120.0,47.0,-23.0,17.0,19.0
94840,-168.0,-149.0,85.0,-22.0,14.0,15.0
94880,-193.0,-103.0,157.0,-20.0,13.0,12.0
94920,-189.0,-87.0,207.0,-17.0,11.0,8.0
94960,-145.0,-51.0,206.0,-16.0,5.0,1.0
95000,-93.0,14.0,144.0,-18.0,2.0,-10.0
95040,-60.0,-14.0,86.0,-19.0,0.0,-22.0
95080,-43.0,-2.0,69.0,-20.0,-3.0,-28.0
95120,-30.0,116.0,76.0,-18.0,-7.0,-32.0
95160,-4.0,108.0,80.0,-13.0,-13.0,-33.0
95200,39.0,11.0,80.0,-13.0,-15.0,-31.0
95240,70.0,70.0,58.0,-13.0,-15.0,-28.0
95280,75.0,137.0,60.0,-13.0,-15.0,-22.0
95320,46.0,97.0,101.0,-11.0,-13.0,-17.0
95360,23.0,-26.0,118.0,-8.0,-11.0,-11.0
95400,26.0,-89.0,154.0,-6.0,-7.0,-2.0
95440,1.0,-29.0,154.0,-7.0,-7.0,1.0
95480,-44.0,-62.0,116.0,-9.0,-11.0,1.0
95520,-56.0,-135.0,114.0,-10.0,-12.0,-3.0
95560,-56.0,-56.0,150.0,-9.0,-10.0,-4.0
95600,-73.0,34.0,211.0,-6.0,-13.0,-8.0
95640,-82.0,41.0,247.0,-1.0,-17.0,-16.0
95680,-39.0,43.0,223.0,3.0,-24.0,-22.0
95720,45.0,44.0,214.0,4.0,-26.0,-29.0
95760,106.0,73.0,213.0,5.0,-29.0,-26.0
95800,123.0,99.0,172.0,8.0,-32.0,-26.0
95840,127.0,62.0,137.0,12.0,-36.0,-26.0
95880,120.0,62.0,129.0,18.0,-38.0,-24.0
95920,107.0,91.0,133.0,17.0,-36.0,-13.0
95960,114.0,64.0,124.0,16.0,-32.0,-2.0
96000,151.0,44.0,83.0,16.0,-32.0,8.0
96040,182.0,63.0,57.0,14.0,-28.0,13.0
96080,189.0,58.0,65.0,18.0,-22.0,18.0
96120,184.0,16.0,45.0,19.0,-16.0,27.0
96160,196.0,14.0,-3.0,22.0,-17.0,32.0
96200,209.0,27.0,-35.0,24.0,-20.0,28.0
96240,218.0,32.0,-50.0,27.0,-25.0,25.0
96280,238.0,41.0,-77.0,30.0,-27.0,23.0
96320,261.0,78.0,-122.0,32.0,-29.0,22.0
96360,269.0,118.0,-148.0,33.0,-35.0,23.0
96400,270.0,99.0,-154.0,32.0,-38.0,20.0
96440,279.0,93.0,-173.0,31.0,-39.0,22.0
96480,287.0,122.0,-216.0,31.0,-34.0,26.0
96520,284.0,124.0,-236.0,31.0,-31.0,32.0
96560,284.0,104.0,-232.0,29.0,-25.0,36.0
96600,278.0,114.0,-240.0,29.0,-21.0,42.0
96640,256.0,96.0,-247.0,32.0,-15.0,48.0
96680,219.0,90.0,-239.0,33.0,-9.0,55.0
96720,188.0,98.0,-213.0,30.0,-7.0,58.0
96760,172.0,94.0,-192.0,30.0,-4.0,60.0
96800,166.0,110.0,-179.0,27.0,-3.0,62.0
96840,170.0,94.0,-189.0,25.0,-2.0,60.0
96880,188.0,59.0,-193.0,23.0,-3.0,59.0
96920,190.0,61.0,-184.0,21.0,-4.0,54.0
96960,167.0,52.0,-158.0,19.0,-5.0,51.0
97000,148.0,-6.0,-138.0,18.0,-5.0,47.0
97040,146.0,-7.0,-140.0,16.0,-1.0,42.0
97080,145.0,40.0,-139.0,13.0,-2.0,38.0
97120,138.0,8.0,-136.0,10.0,0.0,39.0
97160,121.0,-17.0,-126.0,11.0,3.0,35.0
97200,96.0,19.0,-106.0,13.0,7.0,32.0
97240,58.0,46.0,-94.0,12.0,11.0,31.0
97280,21.0,19.0,-87.0,8.0,14.0,32.0
97320,-4.0,18.0,-98.0,7.0,15.0,31.0
97360,-6.0,23.0,-118.0,7.0,18.0,29.0
97400,-5.0,-14.0,-113.0,6.0,19.0,25.0
97440,-24.0,-26.0,-84.0,2.0,19.0,23.0
97480,-43.0,-29.0,-60.0,1.0,21.0,19.0
97520,-43.0,-24.0,-56.0,-1.0,23.0,14.0
97560,-35.0,-22.0,-62.0,-1.0,21.0,9.0
97600,-20.0,-11.0,-60.0,-5.0,20.0,3.0
97640,-13.0,-39.0,-35.0,-4.0,19.0,-3.0
97680,-9.0,-49.0,-8.0,-3.0,19.0,-10.0
97720,-11.0,-59.0,9.0,-4.0,20.0,-16.0
97760,-16.0,-71.0,5.0,-7.0,17.0,-21.0
97800,-20.0,-99.0,-8.0,-9.0,18.0,-25.0
97840,-19.0,-125.0,-16.0,-9.0,17.0,-20.0
97880,-12.0,-149.0,-7.0,-9.0,18.0,-26.0
97920,-13.0,-176.0,2.0,-9.0,19.0,-26.0
97960,-17.0,-204.0,18.0,-12.0,20.0,-26.0
98000,-30.0,-197.0,28.0,-14.0,20.0,-26.0
98040,-36.0,-193.0,30.0,-14.0,24.0,-26.0
98080,-23.0,-203.0,29.0,-15.0,24.0,-32.0
98120,-12.0,-183.0,33.0,-15.0,23.0,-37.0
98160,-9.0,-149.0,46.0,-15.0,23.0,-45.0
98200,1.0,-147.0,59.0,-17.0,22.0,-50.0
98240,9.0,-107.0,67.0,-18.0,19.0,-53.0
98280,20.0,-59.0,38.0,-20.0,15.0,-58.0
98320,38.0,-44.0,9.0,-18.0,13.0,-61.0
98360,59.0,-19.0,-14.0,-20.0,13.0,-60.0
98400,82.0,-30.0,-26.0,-21.0,12.0,-58.0
98440,108.0,-72.0,-29.0,-22.0,13.0,-52.0
98480,129.0,-91.0,-60.0,-23.0,15.0,-48.0
98520,136.0,-110.0,-104.0,-24.0,15.0,-45.0
98560,139.0,-147.0,-136.0,-26.0,18.0,-40.0
98600,128.0,-145.0,-153.0,-25.0,18.0,-34.0
98640,115.0,-117.0,-162.0,-25.0,19.0,-32.0
98680,113.0,-109.0,-186.0,-26.0,19.0,-31.0
98720,119.0,-81.0,-214.0,-30.0,15.0,-32.0
98760,117.0,-23.0,-219.0,-29.0,15.0,-32.0
98800,120.0,15.0,-213.0,-28.0,14.0,-31.0
98840,130.0,32.0,-212.0,-28.0,11.0,-33.0
98880,152.0,36.0,-216.0,-29.0,12.0,-34.0
98920,171.0,39.0,-221.0,-32.0,12.0,-32.0
98960,185.0,36.0,-231.0,-33.0,11.0,-28.0
99000,193.0,35.0,-246.0,-36.0,12.0,-22.0
99040,194.0,25.0,-270.0,-34.0,9.0,-15.0
99080,187.0,39.0,-274.0,-36.0,10.0,-5.0
99120,171.0,52.0,-263.0,-37.0,11.0,5.0
99160,158.0,51.0,-254.0,-38.0,12.0,15.0
99200,153.0,43.0,-252.0,-38.0,10.0,22.0
99240,154.0,28.0,-257.0,-40.0,12.0,33.0
99280,146.0,21.0,-245.0,-41.0,13.0,40.0
99320,125.0,31.0,-241.0,-41.0,14.0,45.0
99360,112.0,29.0,-242.0,-41.0,13.0,49.0
99400,106.0,29.0,-244.0,-43.0,11.0,50.0
99440,94.0,31.0,-249.0,-44.0,10.0,49.0
99480,86.0,26.0,-256.0,-41.0,8.0,45.0
99520,89.0,26.0,-267.0,-40.0,5.0,39.0
99560,91.0,37.0,-267.0,-42.0,2.0,33.0
99600,99.0,30.0,-266.0,-42.0,0.0,28.0
99640,103.0,41.0,-289.0,-41.0,-1.0,28.0
99680,115.0,45.0,-324.0,-41.0,-4.0,29.0
99720,118.0,47.0,-348.0,-39.0,-5.0,27.0
99760,108.0,46.0,-349.0,-38.0,-7.0,31.0
99800,95.0,47.0,-364.0,-38.0,-6.0,36.0
99840,76.0,45.0,-391.0,-37.0,-6.0,42.0
99880,56.0,54.0,-426.0,-36.0,-6.0,45.0
99920,34.0,48.0,-424.0,-34.0,-4.0,46.0
99960,19.0,29.0,-408.0,-34.0,-2.0,46.0
