Time,Ch1_X,Ch1_Y,Ch1_Z,Ch2_X,Ch2_Y,Ch2_Z
0,-127.0,-50.0,150.0,9.0,3.0,-24.0
40,-112.0,-63.0,129.0,10.0,1.0,-27.0
80,-115.0,-44.0,113.0,9.0,0.0,-30.0
120,-122.0,-22.0,93.0,5.0,-2.0,-30.0
160,-127.0,-16.0,66.0,3.0,-2.0,-33.0
200,-118.0,-39.0,60.0,1.0,-4.0,-33.0
240,-100.0,-19.0,52.0,1.0,-5.0,-32.0
280,-75.0,-15.0,33.0,-1.0,-7.0,-29.0
320,-53.0,-18.0,-6.0,-4.0,-8.0,-27.0
360,-30.0,-31.0,-43.0,-5.0,-10.0,-22.0
400,-12.0,-27.0,-71.0,-6.0,-12.0,-15.0
440,-6.0,-16.0,-89.0,-6.0,-14.0,-8.0
480,4.0,-46.0,-125.0,-7.0,-16.0,-2.0
520,16.0,-53.0,-156.0,-8.0,-15.0,3.0
560,19.0,-26.0,-177.0,-9.0,-17.0,5.0
600,20.0,-31.0,-202.0,-11.0,-14.0,7.0
640,19.0,-31.0,-217.0,-14.0,-14.0,5.0
680,18.0,-24.0,-236.0,-14.0,-14.0,5.0
720,15.0,-3.0,-240.0,-17.0,-11.0,5.0
760,12.0,7.0,-251.0,-18.0,-14.0,6.0
800,13.0,26.0,-265.0,-21.0,-14.0,6.0
840,13.0,47.0,-263.0,-23.0,-15.0,6.0
880,8.0,76.0,-257.0,-25.0,-15.0,8.0
920,2.0,100.0,-242.0,-26.0,-15.0,12.0
960,7.0,88.0,-231.0,-28.0,-16.0,15.0
1000,11.0,102.0,-214.0,-30.0,-16.0,20.0
1040,21.0,102.0,-200.0,-33.0,-17.0,25.0
1080,32.0,82.0,-199.0,-34.0,-15.0,28.0
1120,40.0,71.0,-186.0,-37.0,-14.0,33.0
1160,35.0,60.0,-167.0,-39.0,-14.0,38.0
1200,20.0,49.0,-141.0,-38.0,-12.0,40.0
1240,6.0,31.0,-130.0,-40.0,-11.0,42.0
1280,0.0,45.0,-110.0,-44.0,-11.0,42.0
1320,-15.0,40.0,-93.0,-44.0,-10.0,41.0
1360,-30.0,6.0,-66.0,-44.0,-9.0,38.0
1400,-40.0,-17.0,-33.0,-45.0,-8.0,33.0
1440,-61.0,32.0,-4.0,-44.0,-10.0,29.0
1480,-105.0,63.0,8.0,-44.0,-10.0,27.0
1520,-126.0,22.0,-4.0,-44.0,-11.0,23.0
1560,-127.0,58.0,-12.0,-44.0,-11.0,21.0
1600,-130.0,128.0,4.0,-44.0,-13.0,17.0
1640,-141.0,116.0,29.0,-43.0,-13.0,15.0
1680,-142.0,77.0,20.0,-41.0,-14.0,14.0
1720,-137.0,110.0,-4.0,-39.0,-15.0,13.0
1760,-148.0,138.0,14.0,-38.0,-15.0,14.0
1800,-160.0,83.0,33.0,-38.0,-17.0,12.0
1840,-153.0,78.0,19.0,-37.0,-18.0,13.0
1880,-127.0,102.0,8.0,-35.0,-16.0,13.0
1920,-110.0,101.0,3.0,-33.0,-14.0,12.0
1960,-106.0,52.0,5.0,-33.0,-15.0,11.0
2000,-100.0,24.0,11.0,-30.0,-13.0,8.0
2040,-105.0,32.0,15.0,-27.0,-15.0,3.0
2080,-127.0,5.0,26.0,-27.0,-15.0,-1.0
2120,-141.0,-28.0,42.0,-26.0,-14.0,-7.0
2160,-131.0,-46.0,36.0,-24.0,-16.0,-13.0
2200,-120.0,-40.0,40.0,-22.0,-16.0,-19.0
2240,-130.0,-29.0,36.0,-21.0,-16.0,-24.0
2280,-156.0,-38.0,41.0,-19.0,-17.0,-28.0
2320,-176.0,-26.0,50.0,-18.0,-18.0,-32.0
2360,-196.0,-5.0,55.0,-16.0,-19.0,-34.0
2400,-217.0,11.0,59.0,-14.0,-22.0,-38.0
2440,-222.0,2.0,59.0,-12.0,-21.0,-37.0
2480,-214.0,14.0,60.0,-9.0,-20.0,-36.0
2520,-216.0,39.0,68.0,-8.0,-20.0,-35.0
2560,-223.0,28.0,68.0,-6.0,-20.0,-34.0
2600,-220.0,13.0,65.0,-5.0,-16.0,-28.0
2640,-214.0,7.0,37.0,-3.0,-14.0,-25.0
2680,-208.0,16.0,29.0,0.0,-13.0,-21.0
2720,-205.0,-10.0,13.0,3.0,-14.0,-20.0
2760,-189.0,-55.0,-9.0,1.0,-14.0,-19.0
2800,-171.0,-45.0,-27.0,7.0,-12.0,-17.0
2840,-162.0,-42.0,-52.0,8.0,-14.0,-19.0
2880,-158.0,-48.0,-68.0,11.0,-15.0,-20.0
2920,-137.0,-78.0,-95.0,13.0,-16.0,-21.0
2960,-113.0,-40.0,-111.0,14.0,-18.0,-23.0
3000,-100.0,-35.0,-133.0,18.0,-19.0,-25.0
3040,-92.0,-41.0,-147.0,20.0,-18.0,-25.0
3080,-83.0,-43.0,-151.0,20.0,-17.0,-24.0
3120,-73.0,-43.0,-151.0,20.0,-16.0,-23.0
3160,-67.0,-29.0,-142.0,21.0,-14.0,-20.0
3200,-59.0,-40.0,-154.0,23.0,-11.0,-20.0
3240,-48.0,-30.0,-153.0,22.0,-11.0,-17.0
3280,-44.0,-17.0,-153.0,22.0,-8.0,-15.0
3320,-49.0,15.0,-145.0,22.0,-6.0,-10.0
3360,-52.0,40.0,-141.0,23.0,-6.0,-3.0
3400,-53.0,64.0,-136.0,24.0,-5.0,1.0
3440,-51.0,97.0,-116.0,25.0,-4.0,5.0
3480,-32.0,91.0,-92.0,28.0,-5.0,12.0
3520,-3.0,117.0,-86.0,29.0,-3.0,16.0
3560,28.0,119.0,-102.0,30.0,-2.0,20.0
3600,52.0,103.0,-95.0,32.0,-1.0,21.0
3640,74.0,85.0,-99.0,31.0,0.0,24.0
3680,85.0,88.0,-95.0,31.0,0.0,26.0
3720,86.0,83.0,-99.0,33.0,0.0,26.0
3760,96.0,27.0,-102.0,32.0,0.0,28.0
3800,113.0,29.0,-95.0,32.0,-2.0,28.0
3840,113.0,49.0,-93.0,31.0,-1.0,30.0
3880,113.0,0.0,-91.0,34.0,0.0,30.0
3920,120.0,-38.0,-76.0,34.0,0.0,32.0
3960,119.0,15.0,-54.0,34.0,4.0,33.0
4000,109.0,35.0,-62.0,34.0,5.0,35.0
4040,113.0,-15.0,-66.0,34.0,7.0,37.0
4080,137.0,16.0,-68.0,32.0,10.0,38.0
4120,147.0,93.0,-44.0,34.0,13.0,37.0
4160,126.0,109.0,-29.0,33.0,14.0,38.0
4200,122.0,70.0,-31.0,35.0,15.0,38.0
4240,132.0,114.0,-36.0,35.0,16.0,33.0
4280,138.0,172.0,-25.0,33.0,15.0,32.0
4320,140.0,132.0,-18.0,32.0,16.0,25.0
4360,158.0,79.0,-29.0,35.0,16.0,23.0
4400,172.0,103.0,-37.0,35.0,15.0,17.0
4440,163.0,112.0,-22.0,36.0,16.0,15.0
4480,147.0,55.0,-15.0,35.0,14.0,13.0
4520,148.0,20.0,-32.0,32.0,15.0,13.0
4560,153.0,29.0,-40.0,29.0,15.0,12.0
4600,147.0,6.0,-26.0,29.0,19.0,14.0
4640,142.0,-49.0,-30.0,29.0,20.0,14.0
4680,144.0,-67.0,-54.0,28.0,22.0,12.0
4720,142.0,-66.0,-49.0,25.0,24.0,10.0
4760,115.0,-48.0,-50.0,21.0,27.0,6.0
4800,81.0,-51.0,-69.0,21.0,28.0,3.0
4840,62.0,-66.0,-94.0,21.0,29.0,-2.0
4880,44.0,-64.0,-85.0,22.0,28.0,-7.0
4920,7.0,-42.0,-61.0,19.0,27.0,-12.0
4960,-30.0,-56.0,-41.0,18.0,27.0,-16.0
5000,-49.0,-52.0,-49.0,16.0,29.0,-22.0
5040,-62.0,-5.0,-54.0,13.0,30.0,-26.0
5080,-70.0,21.0,-47.0,9.0,34.0,-33.0
5120,-56.0,-35.0,-52.0,7.0,35.0,-33.0
5160,-37.0,-30.0,-46.0,6.0,35.0,-36.0
5200,-35.0,-16.0,-52.0,3.0,33.0,-33.0
5240,-60.0,-13.0,-42.0,0.0,31.0,-32.0
5280,-87.0,-45.0,-45.0,-6.0,31.0,-29.0
5320,-88.0,-78.0,-51.0,-5.0,32.0,-27.0
5360,-80.0,-83.0,-53.0,-7.0,31.0,-24.0
5400,-66.0,-114.0,-58.0,-8.0,32.0,-22.0
5440,-55.0,-150.0,-71.0,-9.0,33.0,-22.0
5480,-50.0,-216.0,-102.0,-13.0,35.0,-22.0
5520,-70.0,-232.0,-99.0,-17.0,35.0,-25.0
5560,-108.0,-157.0,-116.0,-19.0,36.0,-29.0
5600,-124.0,-228.0,-160.0,-20.0,33.0,-32.0
5640,-115.0,-239.0,-163.0,-20.0,31.0,-33.0
5680,-99.0,-185.0,-174.0,-24.0,28.0,-37.0
5720,-88.0,-114.0,-180.0,-24.0,26.0,-42.0
5760,-75.0,-153.0,-198.0,-24.0,25.0,-44.0
5800,-57.0,-108.0,-214.0,-29.0,23.0,-43.0
5840,-53.0,-19.0,-210.0,-30.0,24.0,-39.0
5880,-44.0,-61.0,-198.0,-28.0,23.0,-36.0
5920,-28.0,-43.0,-214.0,-30.0,21.0,-31.0
5960,-10.0,-20.0,-229.0,-33.0,19.0,-27.0
6000,-2.0,-40.0,-202.0,-35.0,19.0,-19.0
6040,-9.0,-51.0,-204.0,-36.0,18.0,-12.0
6080,-9.0,-64.0,-209.0,-38.0,17.0,-8.0
6120,12.0,-82.0,-180.0,-40.0,17.0,-2.0
6160,30.0,-107.0,-173.0,-42.0,16.0,0.0
6200,54.0,-104.0,-174.0,-44.0,18.0,-2.0
6240,95.0,-150.0,-183.0,-44.0,17.0,1.0
6280,124.0,-120.0,-179.0,-46.0,16.0,-3.0
6320,109.0,-76.0,-172.0,-47.0,11.0,-5.0
6360,94.0,-99.0,-166.0,-46.0,8.0,-8.0
6400,103.0,-71.0,-173.0,-46.0,4.0,-10.0
6440,122.0,-30.0,-168.0,-47.0,1.0,-11.0
6480,142.0,-28.0,-154.0,-47.0,-2.0,-12.0
6520,161.0,-31.0,-151.0,-46.0,0.0,-10.0
6560,182.0,-30.0,-170.0,-46.0,-2.0,-8.0
6600,183.0,-17.0,-160.0,-48.0,-2.0,-4.0
6640,154.0,-14.0,-147.0,-48.0,-2.0,4.0
6680,127.0,-11.0,-146.0,-47.0,0.0,10.0
6720,124.0,-21.0,-145.0,-46.0,-1.0,16.0
6760,125.0,2.0,-132.0,-46.0,-2.0,20.0
6800,120.0,12.0,-113.0,-46.0,-1.0,27.0
6840,130.0,17.0,-102.0,-44.0,-2.0,28.0
6880,141.0,23.0,-100.0,-44.0,-4.0,28.0
6920,142.0,36.0,-82.0,-43.0,-3.0,26.0
6960,142.0,22.0,-69.0,-42.0,-5.0,24.0
7000,156.0,20.0,-70.0,-42.0,-7.0,18.0
7040,169.0,29.0,-78.0,-41.0,-10.0,14.0
7080,172.0,11.0,-70.0,-40.0,-13.0,12.0
7120,166.0,-2.0,-48.0,-39.0,-13.0,7.0
7160,160.0,18.0,-38.0,-37.0,-17.0,3.0
7200,149.0,13.0,-23.0,-35.0,-19.0,2.0
7240,136.0,-9.0,10.0,-33.0,-17.0,0.0
7280,137.0,-28.0,21.0,-33.0,-17.0,0.0
7320,146.0,3.0,22.0,-31.0,-16.0,0.0
7360,135.0,26.0,14.0,-30.0,-16.0,-1.0
7400,106.0,42.0,14.0,-29.0,-15.0,-2.0
7440,86.0,35.0,18.0,-26.0,-15.0,0.0
7480,76.0,89.0,8.0,-24.0,-15.0,3.0
7520,72.0,141.0,-1.0,-21.0,-15.0,3.0
7560,77.0,137.0,-18.0,-19.0,-16.0,3.0
7600,91.0,127.0,-25.0,-16.0,-17.0,4.0
7640,107.0,131.0,-35.0,-13.0,-16.0,1.0
7680,100.0,144.0,-32.0,-10.0,-16.0,3.0
7720,82.0,113.0,-39.0,-6.0,-19.0,1.0
7760,63.0,76.0,-38.0,-7.0,-20.0,-1.0
7800,49.0,72.0,-45.0,-4.0,-21.0,0.0
7840,38.0,59.0,-37.0,-2.0,-23.0,3.0
7880,30.0,47.0,-26.0,-2.0,-24.0,7.0
7920,32.0,2.0,-19.0,1.0,-26.0,7.0
7960,35.0,-1.0,6.0,2.0,-25.0,13.0
8000,38.0,1.0,15.0,3.0,-23.0,16.0
8040,32.0,-20.0,27.0,4.0,-22.0,20.0
8080,34.0,-28.0,38.0,6.0,-21.0,20.0
8120,32.0,-35.0,45.0,7.0,-17.0,25.0
8160,29.0,-41.0,49.0,10.0,-15.0,25.0
8200,23.0,-51.0,56.0,11.0,-14.0,26.0
8240,10.0,-32.0,51.0,13.0,-13.0,25.0
8280,1.0,-45.0,50.0,15.0,-11.0,21.0
8320,-10.0,-43.0,44.0,17.0,-9.0,19.0
8360,-22.0,-37.0,29.0,19.0,-7.0,18.0
8400,-29.0,-50.0,23.0,22.0,-7.0,12.0
8440,-43.0,-45.0,19.0,21.0,-6.0,9.0
8480,-63.0,-39.0,5.0,22.0,-4.0,2.0
8520,-87.0,-33.0,-6.0,25.0,-4.0,0.0
8560,-103.0,-8.0,-21.0,26.0,-1.0,-1.0
8600,-109.0,-9.0,-30.0,28.0,-3.0,-2.0
8640,-108.0,10.0,-25.0,30.0,-1.0,-2.0
8680,-111.0,11.0,-18.0,31.0,1.0,-4.0
8720,-118.0,6.0,-13.0,32.0,2.0,-3.0
8760,-122.0,1.0,1.0,34.0,4.0,-5.0
8800,-128.0,4.0,10.0,35.0,6.0,-6.0
8840,-138.0,3.0,13.0,34.0,6.0,-8.0
8880,-146.0,-8.0,4.0,34.0,9.0,-9.0
8920,-151.0,9.0,2.0,35.0,12.0,-11.0
8960,-154.0,2.0,24.0,36.0,14.0,-14.0
9000,-156.0,10.0,48.0,37.0,16.0,-18.0
9040,-156.0,5.0,58.0,37.0,17.0,-18.0
9080,-152.0,6.0,68.0,39.0,20.0,-22.0
9120,-156.0,25.0,76.0,39.0,20.0,-25.0
9160,-162.0,9.0,89.0,40.0,21.0,-26.0
9200,-165.0,10.0,91.0,41.0,21.0,-31.0
9240,-169.0,22.0,90.0,39.0,22.0,-31.0
9280,-172.0,46.0,88.0,38.0,23.0,-35.0
9320,-169.0,24.0,81.0,39.0,24.0,-37.0
9360,-162.0,39.0,79.0,39.0,24.0,-36.0
9400,-157.0,48.0,74.0,39.0,24.0,-37.0
9440,-156.0,28.0,74.0,38.0,23.0,-33.0
9480,-154.0,15.0,73.0,38.0,25.0,-31.0
9520,-149.0,4.0,72.0,38.0,25.0,-28.0
9560,-148.0,15.0,72.0,40.0,26.0,-28.0
9600,-147.0,-13.0,59.0,39.0,24.0,-23.0
9640,-142.0,-21.0,59.0,40.0,25.0,-23.0
9680,-144.0,-2.0,74.0,39.0,25.0,-21.0
9720,-143.0,-1.0,84.0,39.0,25.0,-17.0
9760,-132.0,-5.0,95.0,37.0,25.0,-14.0
9800,-114.0,8.0,97.0,38.0,24.0,-11.0
9840,-103.0,41.0,117.0,37.0,23.0,-9.0
9880,-97.0,22.0,128.0,35.0,22.0,-7.0
9920,-93.0,50.0,126.0,34.0,22.0,-5.0
9960,-91.0,54.0,128.0,33.0,23.0,-3.0
10000,-82.0,47.0,145.0,32.0,22.0,-3.0
10040,-80.0,43.0,151.0,31.0,21.0,-1.0
10080,-70.0,41.0,137.0,31.0,23.0,0.0
10120,-65.0,30.0,122.0,29.0,20.0,2.0
10160,-62.0,37.0,121.0,28.0,22.0,4.0
10200,-70.0,54.0,118.0,26.0,21.0,5.0
10240,-78.0,44.0,101.0,24.0,21.0,7.0
10280,-77.0,50.0,91.0,22.0,19.0,10.0
10320,-80.0,77.0,82.0,22.0,18.0,13.0
10360,-84.0,64.0,81.0,18.0,18.0,18.0
10400,-74.0,52.0,79.0,17.0,16.0,21.0
10440,-63.0,77.0,67.0,15.0,17.0,23.0
10480,-64.0,80.0,58.0,14.0,16.0,25.0
10520,-68.0,52.0,60.0,14.0,17.0,31.0
10560,-62.0,50.0,61.0,13.0,17.0,32.0
10600,-59.0,60.0,65.0,12.0,16.0,34.0
10640,-64.0,58.0,67.0,10.0,15.0,38.0
10680,-69.0,34.0,55.0,8.0,13.0,38.0
10720,-67.0,28.0,43.0,6.0,14.0,43.0
10760,-71.0,31.0,44.0,5.0,13.0,43.0
10800,-79.0,11.0,54.0,1.0,13.0,44.0
10840,-80.0,-28.0,51.0,0.0,12.0,44.0
10880,-82.0,-25.0,41.0,-2.0,11.0,42.0
10920,-87.0,-20.0,35.0,-6.0,11.0,41.0
10960,-98.0,-41.0,37.0,-5.0,11.0,40.0
11000,-106.0,-50.0,47.0,-6.0,10.0,37.0
11040,-111.0,-36.0,38.0,-6.0,9.0,37.0
11080,-124.0,-23.0,26.0,-9.0,7.0,34.0
11120,-134.0,-22.0,23.0,-8.0,6.0,31.0
11160,-132.0,-25.0,18.0,-11.0,5.0,27.0
11200,-123.0,-17.0,14.0,-12.0,4.0,22.0
11240,-118.0,8.0,7.0,-13.0,4.0,18.0
11280,-116.0,10.0,1.0,-13.0,2.0,14.0
11320,-113.0,-10.0,0.0,-14.0,1.0,10.0
11360,-111.0,-12.0,3.0,-16.0,0.0,6.0
11400,-113.0,-2.0,-1.0,-15.0,-1.0,2.0
11440,-120.0,0.0,1.0,-16.0,-2.0,-3.0
11480,-125.0,-31.0,-6.0,-17.0,-2.0,-6.0
11520,-122.0,-48.0,-3.0,-18.0,-3.0,-7.0
11560,-117.0,-40.0,1.0,-18.0,-4.0,-13.0
11600,-122.0,-37.0,12.0,-17.0,-5.0,-15.0
11640,-124.0,-57.0,13.0,-19.0,-7.0,-20.0
11680,-122.0,-74.0,11.0,-18.0,-9.0,-23.0
11720,-124.0,-55.0,17.0,-20.0,-11.0,-26.0
11760,-133.0,-38.0,24.0,-19.0,-13.0,-32.0
11800,-137.0,-52.0,40.0,-20.0,-17.0,-35.0
11840,-130.0,-51.0,73.0,-19.0,-17.0,-39.0
11880,-119.0,-25.0,112.0,-18.0,-20.0,-41.0
11920,-105.0,-27.0,122.0,-19.0,-22.0,-43.0
11960,-90.0,-29.0,104.0,-18.0,-23.0,-46.0
12000,-80.0,-18.0,75.0,-20.0,-24.0,-48.0
12040,-87.0,-1.0,71.0,-18.0,-26.0,-48.0
12080,-99.0,-1.0,84.0,-16.0,-26.0,-48.0
12120,-98.0,-9.0,99.0,-15.0,-27.0,-45.0
12160,-80.0,6.0,98.0,-14.0,-29.0,-44.0
12200,-60.0,4.0,102.0,-13.0,-28.0,-43.0
12240,-42.0,9.0,120.0,-13.0,-27.0,-41.0
12280,-35.0,0.0,140.0,-14.0,-26.0,-39.0
12320,-29.0,-3.0,158.0,-12.0,-27.0,-37.0
12360,-30.0,7.0,162.0,-13.0,-28.0,-35.0
12400,-30.0,5.0,166.0,-11.0,-30.0,-33.0
12440,-24.0,-20.0,189.0,-14.0,-31.0,-31.0
12480,-16.0,-35.0,222.0,-11.0,-33.0,-31.0
12520,-15.0,-23.0,247.0,-11.0,-34.0,-30.0
12560,-18.0,-38.0,257.0,-8.0,-35.0,-25.0
12600,-22.0,-50.0,271.0,-7.0,-34.0,-22.0
12640,-21.0,-61.0,278.0,-7.0,-34.0,-19.0
12680,-20.0,-66.0,286.0,-4.0,-34.0,-15.0
12720,-27.0,-72.0,260.0,-1.0,-35.0,-12.0
12760,-39.0,-96.0,234.0,0.0,-32.0,-7.0
12800,-63.0,-97.0,237.0,1.0,-33.0,-4.0
12840,-90.0,-74.0,238.0,4.0,-30.0,0.0
12880,-115.0,-45.0,235.0,7.0,-30.0,1.0
12920,-115.0,-44.0,223.0,8.0,-30.0,4.0
12960,-104.0,-20.0,232.0,11.0,-28.0,5.0
13000,-95.0,9.0,249.0,11.0,-28.0,4.0
13040,-92.0,15.0,261.0,14.0,-26.0,3.0
13080,-92.0,32.0,254.0,17.0,-27.0,3.0
13120,-93.0,37.0,241.0,18.0,-28.0,3.0
13160,-98.0,44.0,234.0,18.0,-27.0,0.0
13200,-105.0,54.0,223.0,21.0,-28.0,0.0
13240,-105.0,51.0,216.0,24.0,-29.0,-1.0
13280,-99.0,30.0,209.0,26.0,-29.0,-2.0
13320,-97.0,28.0,202.0,27.0,-26.0,-2.0
13360,-103.0,5.0,203.0,28.0,-26.0,-1.0
13400,-113.0,-11.0,192.0,30.0,-27.0,1.0
13440,-125.0,-22.0,167.0,32.0,-25.0,2.0
13480,-138.0,-37.0,136.0,35.0,-25.0,4.0
13520,-143.0,-53.0,111.0,36.0,-24.0,7.0
13560,-143.0,-53.0,97.0,39.0,-23.0,8.0
13600,-144.0,-57.0,90.0,41.0,-23.0,8.0
13640,-138.0,-72.0,68.0,42.0,-22.0,8.0
13680,-134.0,-45.0,49.0,45.0,-22.0,7.0
13720,-128.0,-42.0,49.0,45.0,-22.0,6.0
13760,-133.0,-40.0,46.0,47.0,-20.0,4.0
13800,-131.0,-44.0,32.0,47.0,-21.0,1.0
13840,-113.0,-15.0,-2.0,49.0,-21.0,1.0
13880,-106.0,0.0,-23.0,49.0,-21.0,0.0
13920,-105.0,-12.0,-29.0,49.0,-21.0,-3.0
13960,-104.0,1.0,-41.0,50.0,-20.0,-3.0
14000,-101.0,22.0,-68.0,50.0,-18.0,-1.0
14040,-93.0,16.0,-76.0,52.0,-17.0,0.0
14080,-77.0,-7.0,-71.0,51.0,-16.0,1.0
14120,-60.0,3.0,-71.0,50.0,-14.0,0.0
14160,-48.0,29.0,-79.0,49.0,-12.0,4.0
14200,-34.0,29.0,-95.0,48.0,-9.0,5.0
14240,-16.0,23.0,-93.0,46.0,-9.0,7.0
14280,4.0,31.0,-77.0,44.0,-7.0,7.0
14320,20.0,43.0,-75.0,44.0,-7.0,7.0
14360,32.0,43.0,-77.0,42.0,-5.0,7.0
14400,41.0,39.0,-84.0,41.0,-4.0,8.0
14440,48.0,40.0,-74.0,40.0,-4.0,10.0
14480,49.0,70.0,-69.0,38.0,-3.0,11.0
14520,52.0,76.0,-71.0,37.0,-2.0,11.0
14560,61.0,56.0,-77.0,33.0,0.0,13.0
14600,68.0,68.0,-79.0,34.0,3.0,16.0
14640,70.0,82.0,-73.0,31.0,7.0,19.0
14680,69.0,68.0,-73.0,31.0,9.0,22.0
14720,71.0,55.0,-81.0,27.0,13.0,25.0
14760,73.0,69.0,-89.0,27.0,15.0,27.0
14800,78.0,67.0,-84.0,23.0,18.0,30.0
14840,83.0,46.0,-72.0,20.0,20.0,31.0
14880,94.0,56.0,-69.0,18.0,22.0,32.0
14920,96.0,74.0,-63.0,13.0,22.0,34.0
14960,97.0,71.0,-62.0,13.0,25.0,37.0
15000,104.0,54.0,-61.0,9.0,26.0,36.0
15040,114.0,61.0,-54.0,5.0,28.0,37.0
15080,118.0,62.0,-54.0,3.0,31.0,35.0
15120,119.0,41.0,-57.0,1.0,33.0,35.0
15160,122.0,41.0,-56.0,-1.0,35.0,35.0
15200,120.0,46.0,-48.0,-4.0,38.0,30.0
15240,112.0,65.0,-49.0,-7.0,41.0,28.0
15280,106.0,71.0,-54.0,-7.0,44.0,25.0
15320,108.0,71.0,-64.0,-8.0,46.0,24.0
15360,105.0,82.0,-67.0,-11.0,49.0,19.0
15400,100.0,74.0,-52.0,-13.0,50.0,17.0
15440,90.0,89.0,-51.0,-18.0,49.0,14.0
15480,78.0,98.0,-73.0,-17.0,51.0,14.0
15520,70.0,65.0,-85.0,-20.0,51.0,11.0
15560,70.0,41.0,-85.0,-24.0,52.0,10.0
15600,75.0,46.0,-89.0,-25.0,52.0,9.0
15640,71.0,44.0,-103.0,-27.0,54.0,7.0
15680,60.0,27.0,-125.0,-30.0,55.0,7.0
15720,52.0,3.0,-143.0,-31.0,58.0,7.0
15760,55.0,2.0,-145.0,-34.0,59.0,4.0
15800,44.0,20.0,-153.0,-34.0,60.0,0.0
15840,29.0,-15.0,-172.0,-36.0,60.0,-3.0
15880,24.0,-41.0,-173.0,-39.0,61.0,-5.0
15920,23.0,-23.0,-173.0,-41.0,60.0,-7.0
15960,18.0,-11.0,-178.0,-42.0,59.0,-12.0
16000,19.0,-30.0,-193.0,-45.0,59.0,-17.0
16040,32.0,-40.0,-212.0,-47.0,63.0,-20.0
16080,44.0,-24.0,-209.0,-46.0,61.0,-23.0
16120,44.0,-42.0,-212.0,-49.0,62.0,-27.0
16160,39.0,-53.0,-226.0,-50.0,61.0,-30.0
16200,39.0,-48.0,-255.0,-52.0,59.0,-31.0
16240,44.0,-51.0,-271.0,-55.0,61.0,-31.0
16280,41.0,-48.0,-272.0,-56.0,60.0,-30.0
16320,43.0,-61.0,-277.0,-56.0,59.0,-31.0
16360,48.0,-59.0,-294.0,-60.0,59.0,-33.0
16400,42.0,-36.0,-314.0,-61.0,59.0,-32.0
16440,32.0,-27.0,-328.0,-62.0,59.0,-33.0
16480,30.0,-31.0,-325.0,-65.0,58.0,-31.0
16520,26.0,-24.0,-326.0,-65.0,58.0,-32.0
16560,28.0,-23.0,-329.0,-65.0,58.0,-32.0
16600,39.0,-32.0,-329.0,-67.0,57.0,-29.0
16640,56.0,-37.0,-324.0,-65.0,56.0,-26.0
16680,67.0,-48.0,-330.0,-66.0,55.0,-27.0
16720,71.0,-54.0,-335.0,-68.0,53.0,-25.0
16760,68.0,-63.0,-350.0,-68.0,51.0,-22.0
16800,64.0,-62.0,-361.0,-69.0,50.0,-18.0
16840,54.0,-58.0,-369.0,-68.0,48.0,-17.0
16880,51.0,-87.0,-369.0,-69.0,45.0,-14.0
16920,56.0,-95.0,-372.0,-70.0,46.0,-11.0
16960,54.0,-85.0,-376.0,-69.0,46.0,-6.0
17000,40.0,-86.0,-374.0,-69.0,46.0,-4.0
17040,36.0,-112.0,-376.0,-68.0,45.0,-1.0
17080,44.0,-115.0,-370.0,-68.0,46.0,0.0
17120,49.0,-91.0,-366.0,-67.0,44.0,3.0
17160,46.0,-98.0,-367.0,-67.0,43.0,2.0
17200,45.0,-109.0,-354.0,-67.0,43.0,2.0
17240,45.0,-100.0,-341.0,-66.0,40.0,-1.0
17280,44.0,-80.0,-331.0,-68.0,37.0,-3.0
17320,42.0,-76.0,-319.0,-66.0,35.0,-3.0
17360,43.0,-74.0,-315.0,-65.0,31.0,-5.0
17400,49.0,-76.0,-305.0,-64.0,27.0,-4.0
17440,53.0,-80.0,-293.0,-62.0,25.0,-3.0
17480,48.0,-54.0,-291.0,-61.0,23.0,-2.0
17520,39.0,-63.0,-290.0,-57.0,21.0,0.0
17560,30.0,-82.0,-267.0,-56.0,20.0,1.0
17600,14.0,-74.0,-255.0,-55.0,20.0,1.0
17640,6.0,-73.0,-251.0,-53.0,18.0,2.0
17680,6.0,-82.0,-249.0,-50.0,15.0,0.0
17720,6.0,-77.0,-249.0,-48.0,15.0,-2.0
17760,3.0,-77.0,-219.0,-46.0,9.0,-3.0
17800,0.0,-72.0,-205.0,-43.0,9.0,-6.0
17840,-7.0,-42.0,-205.0,-40.0,3.0,-8.0
17880,-8.0,-33.0,-190.0,-38.0,1.0,-13.0
17920,-7.0,-45.0,-146.0,-36.0,-5.0,-17.0
17960,-3.0,-41.0,-135.0,-35.0,-6.0,-20.0
18000,-14.0,2.0,-167.0,-31.0,-11.0,-22.0
18040,-16.0,-14.0,-183.0,-30.0,-12.0,-24.0
18080,-3.0,-19.0,-151.0,-26.0,-16.0,-24.0
18120,-8.0,-11.0,-96.0,-25.0,-18.0,-24.0
18160,-8.0,-22.0,-63.0,-21.0,-20.0,-19.0
18200,6.0,-40.0,-103.0,-19.0,-21.0,-19.0
18240,15.0,26.0,-155.0,-17.0,-22.0,-16.0
18280,11.0,28.0,-154.0,-17.0,-23.0,-15.0
18320,0.0,-7.0,-92.0,-15.0,-25.0,-14.0
18360,21.0,-58.0,-66.0,-11.0,-27.0,-16.0
18400,29.0,25.0,-52.0,-7.0,-30.0,-16.0
18440,30.0,0.0,-75.0,-6.0,-33.0,-14.0
18480,43.0,-82.0,-52.0,-6.0,-35.0,-17.0
18520,56.0,-19.0,-36.0,-5.0,-36.0,-17.0
18560,55.0,7.0,-28.0,-3.0,-40.0,-19.0
18600,41.0,-14.0,-24.0,2.0,-42.0,-19.0
18640,42.0,1.0,-62.0,3.0,-42.0,-18.0
18680,49.0,26.0,-44.0,6.0,-45.0,-16.0
18720,49.0,33.0,17.0,7.0,-47.0,-17.0
18760,54.0,45.0,6.0,9.0,-48.0,-12.0
18800,66.0,70.0,8.0,13.0,-49.0,-10.0
18840,86.0,93.0,-11.0,11.0,-48.0,-4.0
18880,99.0,141.0,-5.0,13.0,-46.0,1.0
18920,131.0,89.0,-28.0,13.0,-44.0,2.0
18960,153.0,119.0,-53.0,15.0,-44.0,7.0
19000,138.0,171.0,-58.0,16.0,-44.0,11.0
19040,111.0,143.0,-20.0,18.0,-44.0,15.0
19080,106.0,102.0,-3.0,17.0,-42.0,20.0
19120,121.0,116.0,-6.0,19.0,-42.0,21.0
19160,136.0,154.0,0.0,19.0,-40.0,24.0
19200,144.0,108.0,-17.0,19.0,-38.0,26.0
19240,156.0,115.0,-17.0,19.0,-35.0,26.0
19280,167.0,119.0,-24.0,17.0,-33.0,30.0
19320,157.0,97.0,-7.0,19.0,-34.0,30.0
19360,139.0,95.0,-11.0,21.0,-33.0,34.0
19400,137.0,68.0,-25.0,20.0,-35.0,35.0
19440,140.0,77.0,-52.0,19.0,-31.0,38.0
19480,136.0,62.0,-57.0,18.0,-29.0,43.0
19520,125.0,52.0,-43.0,19.0,-23.0,46.0
19560,115.0,21.0,-23.0,21.0,-20.0,48.0
19600,99.0,13.0,14.0,20.0,-16.0,48.0
19640,66.0,8.0,32.0,18.0,-13.0,52.0
19680,38.0,-11.0,24.0,16.0,-9.0,48.0
19720,15.0,-7.0,26.0,16.0,-7.0,49.0
19760,-11.0,20.0,29.0,14.0,-4.0,43.0
19800,-42.0,24.0,57.0,14.0,-1.0,37.0
19840,-62.0,19.0,90.0,13.0,1.0,33.0
19880,-61.0,35.0,103.0,13.0,2.0,30.0
19920,-53.0,40.0,107.0,14.0,4.0,24.0
19960,-58.0,45.0,109.0,13.0,4.0,18.0
20000,-65.0,11.0,91.0,12.0,8.0,11.0
20040,-85.0,-13.0,97.0,15.0,9.0,9.0
20080,-122.0,-26.0,111.0,15.0,9.0,8.0
20120,-167.0,-47.0,117.0,15.0,10.0,2.0
20160,-196.0,-67.0,118.0,15.0,11.0,-6.0
20200,-211.0,-74.0,119.0,12.0,16.0,-10.0
20240,-223.0,-61.0,142.0,11.0,21.0,-13.0
20280,-240.0,-71.0,176.0,11.0,23.0,-16.0
20320,-258.0,-55.0,200.0,9.0,23.0,-25.0
20360,-278.0,-37.0,204.0,8.0,24.0,-32.0
20400,-297.0,-26.0,210.0,7.0,26.0,-36.0
20440,-310.0,-2.0,219.0,7.0,28.0,-41.0
20480,-304.0,-3.0,202.0,8.0,27.0,-49.0
20520,-292.0,8.0,201.0,8.0,25.0,-54.0
20560,-279.0,-12.0,205.0,8.0,25.0,-60.0
20600,-269.0,-27.0,201.0,10.0,25.0,-64.0
20640,-260.0,-47.0,188.0,11.0,25.0,-65.0
20680,-245.0,-77.0,158.0,10.0,23.0,-64.0
20720,-235.0,-98.0,136.0,9.0,25.0,-62.0
20760,-226.0,-124.0,122.0,6.0,23.0,-58.0
20800,-223.0,-156.0,121.0,8.0,23.0,-54.0
20840,-222.0,-157.0,107.0,8.0,22.0,-48.0
20880,-218.0,-154.0,100.0,7.0,23.0,-47.0
20920,-201.0,-144.0,89.0,6.0,23.0,-42.0
20960,-178.0,-117.0,87.0,5.0,26.0,-43.0
21000,-153.0,-77.0,78.0,7.0,28.0,-41.0
21040,-124.0,-63.0,71.0,4.0,28.0,-41.0
21080,-103.0,-37.0,58.0,3.0,27.0,-42.0
21120,-92.0,-5.0,47.0,4.0,26.0,-43.0
21160,-85.0,-7.0,42.0,3.0,25.0,-42.0
21200,-71.0,-18.0,29.0,2.0,23.0,-41.0
21240,-50.0,6.0,15.0,0.0,21.0,-37.0
21280,-39.0,39.0,-4.0,-1.0,21.0,-32.0
21320,-21.0,-4.0,-5.0,-2.0,22.0,-27.0
21360,5.0,-3.0,-6.0,-4.0,22.0,-18.0
21400,24.0,30.0,-12.0,-7.0,24.0,-10.0
21440,35.0,32.0,-23.0,-9.0,25.0,0.0
21480,45.0,6.0,-16.0,-10.0,28.0,10.0
21520,48.0,21.0,3.0,-11.0,29.0,18.0
21560,44.0,36.0,9.0,-11.0,28.0,27.0
21600,40.0,33.0,0.0,-14.0,29.0,32.0
21640,49.0,28.0,-15.0,-15.0,32.0,34.0
21680,61.0,38.0,-5.0,-18.0,33.0,37.0
21720,65.0,48.0,-2.0,-19.0,35.0,37.0
21760,64.0,56.0,-8.0,-20.0,34.0,37.0
21800,61.0,39.0,-17.0,-19.0,33.0,35.0
21840,52.0,37.0,6.0,-21.0,30.0,35.0
21880,37.0,57.0,44.0,-22.0,29.0,35.0
21920,23.0,77.0,58.0,-22.0,27.0,35.0
21960,18.0,94.0,45.0,-23.0,26.0,37.0
22000,16.0,114.0,49.0,-27.0,26.0,39.0
22040,16.0,132.0,82.0,-26.0,28.0,43.0
22080,14.0,145.0,121.0,-26.0,30.0,47.0
22120,8.0,128.0,131.0,-26.0,30.0,53.0
22160,2.0,112.0,148.0,-28.0,32.0,57.0
22200,-15.0,111.0,174.0,-29.0,33.0,61.0
22240,-45.0,97.0,192.0,-30.0,32.0,60.0
22280,-67.0,55.0,198.0,-27.0,33.0,61.0
22320,-76.0,13.0,199.0,-26.0,32.0,60.0
22360,-92.0,14.0,214.0,-26.0,31.0,53.0
22400,-118.0,9.0,226.0,-28.0,27.0,46.0
22440,-131.0,-20.0,227.0,-27.0,23.0,36.0
22480,-128.0,-14.0,226.0,-24.0,19.0,26.0
22520,-135.0,17.0,225.0,-20.0,16.0,16.0
22560,-140.0,15.0,248.0,-19.0,10.0,7.0
22600,-141.0,16.0,260.0,-19.0,7.0,-2.0
22640,-139.0,41.0,278.0,-18.0,4.0,-9.0
22680,-147.0,62.0,294.0,-16.0,2.0,-14.0
22720,-151.0,55.0,308.0,-15.0,0.0,-16.0
22760,-151.0,59.0,312.0,-10.0,0.0,-17.0
22800,-154.0,42.0,322.0,-9.0,-1.0,-19.0
22840,-160.0,24.0,330.0,-7.0,-2.0,-20.0
22880,-172.0,-8.0,342.0,-6.0,-4.0,-18.0
22920,-192.0,-30.0,352.0,-4.0,-6.0,-17.0
22960,-213.0,-58.0,350.0,-2.0,-10.0,-21.0
23000,-227.0,-61.0,349.0,1.0,-12.0,-23.0
23040,-229.0,-61.0,336.0,2.0,-15.0,-26.0
23080,-226.0,-69.0,331.0,4.0,-18.0,-29.0
23120,-219.0,-64.0,324.0,7.0,-23.0,-34.0
23160,-205.0,-53.0,317.0,10.0,-26.0,-41.0
23200,-194.0,-30.0,320.0,9.0,-29.0,-48.0
23240,-180.0,-29.0,324.0,13.0,-33.0,-50.0
23280,-169.0,-22.0,326.0,16.0,-37.0,-52.0
23320,-153.0,-24.0,322.0,18.0,-41.0,-54.0
23360,-139.0,-41.0,311.0,19.0,-45.0,-55.0
23400,-127.0,-45.0,300.0,19.0,-45.0,-53.0
23440,-123.0,-48.0,290.0,20.0,-43.0,-46.0
23480,-120.0,-49.0,277.0,23.0,-45.0,-40.0
23520,-105.0,-77.0,256.0,24.0,-43.0,-35.0
23560,-86.0,-77.0,232.0,25.0,-41.0,-26.0
23600,-73.0,-91.0,219.0,25.0,-40.0,-19.0
23640,-66.0,-102.0,225.0,30.0,-40.0,-15.0
23680,-62.0,-104.0,224.0,31.0,-38.0,-12.0
23720,-65.0,-85.0,220.0,35.0,-39.0,-10.0
23760,-69.0,-62.0,206.0,34.0,-41.0,-10.0
23800,-61.0,-58.0,187.0,36.0,-42.0,-10.0
23840,-47.0,-34.0,179.0,35.0,-43.0,-10.0
23880,-36.0,-15.0,175.0,35.0,-46.0,-12.0
23920,-36.0,-4.0,187.0,36.0,-47.0,-12.0
23960,-45.0,14.0,177.0,37.0,-46.0,-8.0
24000,-49.0,14.0,170.0,37.0,-48.0,-6.0
24040,-47.0,25.0,171.0,39.0,-47.0,-5.0
24080,-53.0,34.0,167.0,40.0,-47.0,1.0
24120,-49.0,24.0,159.0,43.0,-44.0,4.0
24160,-37.0,23.0,158.0,44.0,-39.0,12.0
24200,-31.0,46.0,156.0,45.0,-36.0,20.0
24240,-30.0,53.0,148.0,46.0,-34.0,24.0
24280,-21.0,43.0,127.0,49.0,-32.0,30.0
24320,-1.0,69.0,122.0,47.0,-30.0,35.0
24360,9.0,73.0,138.0,47.0,-29.0,38.0
24400,19.0,48.0,146.0,48.0,-29.0,40.0
24440,28.0,44.0,139.0,48.0,-29.0,39.0
24480,36.0,56.0,122.0,50.0,-28.0,38.0
24520,29.0,56.0,130.0,46.0,-30.0,37.0
24560,18.0,20.0,132.0,49.0,-30.0,35.0
24600,21.0,29.0,122.0,49.0,-28.0,32.0
24640,18.0,53.0,126.0,51.0,-30.0,29.0
24680,5.0,30.0,141.0,52.0,-27.0,27.0
24720,-3.0,22.0,157.0,53.0,-27.0,22.0
24760,-4.0,43.0,147.0,53.0,-24.0,22.0
24800,-22.0,73.0,145.0,53.0,-23.0,18.0
24840,-36.0,35.0,147.0,53.0,-22.0,15.0
24880,-35.0,32.0,148.0,52.0,-20.0,14.0
24920,-28.0,74.0,142.0,55.0,-18.0,16.0
24960,-32.0,87.0,140.0,55.0,-18.0,16.0
25000,-27.0,53.0,143.0,54.0,-17.0,18.0
25040,-8.0,66.0,147.0,56.0,-17.0,18.0
25080,4.0,93.0,156.0,56.0,-17.0,17.0
25120,-4.0,78.0,148.0,57.0,-14.0,14.0
25160,-6.0,44.0,146.0,56.0,-15.0,11.0
25200,4.0,43.0,136.0,56.0,-13.0,8.0
25240,-5.0,64.0,132.0,54.0,-13.0,4.0
25280,-19.0,48.0,119.0,53.0,-12.0,-2.0
25320,-16.0,17.0,108.0,52.0,-10.0,-5.0
25360,-9.0,29.0,98.0,50.0,-9.0,-7.0
25400,-19.0,56.0,99.0,50.0,-8.0,-9.0
25440,-29.0,23.0,90.0,49.0,-8.0,-10.0
25480,-23.0,1.0,81.0,48.0,-7.0,-13.0
25520,-17.0,20.0,78.0,46.0,-5.0,-15.0
25560,-21.0,41.0,76.0,46.0,-3.0,-15.0
25600,-29.0,27.0,70.0,45.0,-1.0,-16.0
25640,-21.0,26.0,56.0,43.0,2.0,-17.0
25680,-20.0,58.0,38.0,42.0,5.0,-16.0
25720,-19.0,62.0,32.0,39.0,5.0,-15.0
25760,-23.0,72.0,25.0,38.0,8.0,-13.0
25800,-23.0,78.0,20.0,37.0,10.0,-11.0
25840,-29.0,88.0,15.0,34.0,12.0,-9.0
25880,-25.0,76.0,-2.0,31.0,15.0,-3.0
25920,-20.0,44.0,-17.0,28.0,15.0,-1.0
25960,-21.0,30.0,-14.0,28.0,17.0,5.0
26000,-29.0,9.0,-24.0,24.0,18.0,8.0
26040,-28.0,-1.0,-54.0,21.0,21.0,12.0
26080,-19.0,-14.0,-92.0,17.0,22.0,17.0
26120,-16.0,-2.0,-102.0,14.0,25.0,21.0
26160,-11.0,-27.0,-93.0,11.0,28.0,23.0
26200,-2.0,-29.0,-99.0,11.0,30.0,26.0
26240,5.0,-18.0,-113.0,7.0,30.0,27.0
26280,6.0,-15.0,-125.0,6.0,32.0,30.0
26320,8.0,-45.0,-123.0,2.0,37.0,32.0
26360,16.0,-29.0,-134.0,-4.0,36.0,32.0
26400,14.0,-19.0,-152.0,-5.0,36.0,32.0
26440,7.0,-28.0,-152.0,-9.0,40.0,33.0
26480,-3.0,-36.0,-140.0,-11.0,41.0,34.0
26520,3.0,-44.0,-140.0,-14.0,44.0,34.0
26560,0.0,-31.0,-127.0,-16.0,47.0,33.0
26600,-9.0,-43.0,-123.0,-21.0,48.0,33.0
26640,-16.0,-74.0,-115.0,-23.0,49.0,33.0
26680,-12.0,-63.0,-111.0,-24.0,50.0,31.0
26720,-18.0,-42.0,-115.0,-26.0,50.0,29.0
26760,-21.0,-61.0,-103.0,-30.0,51.0,26.0
26800,-10.0,-67.0,-106.0,-32.0,49.0,24.0
26840,1.0,-36.0,-109.0,-35.0,50.0,21.0
26880,6.0,-37.0,-105.0,-37.0,47.0,18.0
26920,8.0,-57.0,-88.0,-38.0,46.0,14.0
26960,14.0,-69.0,-82.0,-41.0,45.0,9.0
27000,21.0,-60.0,-75.0,-41.0,44.0,6.0
27040,26.0,-73.0,-75.0,-44.0,45.0,1.0
27080,35.0,-94.0,-63.0,-45.0,46.0,-6.0
27120,48.0,-92.0,-63.0,-48.0,45.0,-12.0
27160,45.0,-67.0,-50.0,-43.0,45.0,-17.0
27200,34.0,-67.0,-39.0,-45.0,42.0,-22.0
27240,38.0,-72.0,-28.0,-48.0,44.0,-27.0
27280,48.0,-60.0,-7.0,-48.0,40.0,-32.0
27320,58.0,-41.0,4.0,-49.0,39.0,-35.0
27360,56.0,-29.0,19.0,-50.0,37.0,-37.0
27400,63.0,-53.0,23.0,-50.0,35.0,-39.0
27440,68.0,-46.0,34.0,-52.0,33.0,-43.0
27480,63.0,-29.0,40.0,-52.0,31.0,-47.0
27520,49.0,-39.0,44.0,-54.0,29.0,-47.0
27560,49.0,-66.0,47.0,-56.0,28.0,-50.0
27600,55.0,-61.0,49.0,-54.0,25.0,-51.0
27640,58.0,-66.0,58.0,-54.0,22.0,-54.0
27680,55.0,-63.0,69.0,-52.0,22.0,-58.0
27720,53.0,-73.0,69.0,-52.0,20.0,-57.0
27760,61.0,-77.0,71.0,-50.0,18.0,-61.0
27800,67.0,-71.0,71.0,-51.0,16.0,-61.0
27840,82.0,-85.0,70.0,-50.0,15.0,-63.0
27880,97.0,-78.0,65.0,-51.0,14.0,-63.0
27920,101.0,-63.0,53.0,-48.0,12.0,-62.0
27960,102.0,-69.0,56.0,-48.0,9.0,-60.0
28000,105.0,-73.0,57.0,-47.0,7.0,-55.0
28040,108.0,-52.0,57.0,-47.0,4.0,-52.0
28080,111.0,-62.0,43.0,-46.0,2.0,-47.0
28120,109.0,-53.0,35.0,-46.0,2.0,-41.0
28160,103.0,-33.0,34.0,-43.0,-1.0,-37.0
28200,97.0,-25.0,35.0,-44.0,-2.0,-32.0
28240,91.0,-18.0,34.0,-43.0,-3.0,-29.0
28280,91.0,-4.0,32.0,-41.0,-2.0,-26.0
28320,92.0,-7.0,38.0,-40.0,-4.0,-25.0
28360,92.0,-20.0,34.0,-38.0,-4.0,-24.0
28400,85.0,-23.0,26.0,-38.0,-5.0,-23.0
28440,78.0,-19.0,16.0,-36.0,-7.0,-21.0
28480,64.0,-8.0,10.0,-36.0,-9.0,-18.0
28520,48.0,5.0,7.0,-35.0,-10.0,-16.0
28560,50.0,-1.0,-16.0,-31.0,-11.0,-10.0
28600,64.0,21.0,-15.0,-32.0,-13.0,-6.0
28640,70.0,36.0,-22.0,-29.0,-15.0,-2.0
28680,72.0,18.0,-23.0,-28.0,-16.0,1.0
28720,70.0,7.0,-30.0,-26.0,-16.0,5.0
28760,71.0,27.0,-43.0,-25.0,-16.0,12.0
28800,64.0,22.0,-51.0,-24.0,-18.0,17.0
28840,62.0,10.0,-64.0,-24.0,-17.0,20.0
28880,66.0,11.0,-82.0,-21.0,-18.0,24.0
28920,65.0,27.0,-86.0,-19.0,-17.0,27.0
28960,48.0,24.0,-83.0,-17.0,-16.0,28.0
29000,38.0,4.0,-81.0,-16.0,-18.0,31.0
29040,35.0,17.0,-83.0,-14.0,-19.0,28.0
29080,28.0,33.0,-90.0,-12.0,-18.0,28.0
29120,23.0,20.0,-100.0,-11.0,-20.0,28.0
29160,30.0,11.0,-114.0,-10.0,-22.0,27.0
29200,43.0,46.0,-121.0,-8.0,-24.0,29.0
29240,46.0,59.0,-115.0,-6.0,-25.0,28.0
29280,50.0,47.0,-109.0,-6.0,-25.0,30.0
29320,60.0,60.0,-114.0,-4.0,-26.0,28.0
29360,64.0,85.0,-121.0,-2.0,-26.0,34.0
29400,58.0,72.0,-116.0,-1.0,-25.0,33.0
29440,59.0,41.0,-102.0,1.0,-24.0,36.0
29480,59.0,49.0,-99.0,1.0,-25.0,38.0
29520,44.0,49.0,-99.0,2.0,-24.0,37.0
29560,27.0,31.0,-111.0,2.0,-23.0,38.0
29600,19.0,19.0,-118.0,3.0,-24.0,37.0
29640,21.0,25.0,-119.0,2.0,-22.0,34.0
29680,20.0,24.0,-126.0,4.0,-21.0,31.0
29720,23.0,13.0,-124.0,6.0,-21.0,27.0
29760,22.0,23.0,-129.0,6.0,-20.0,23.0
29800,22.0,34.0,-118.0,7.0,-21.0,20.0
29840,16.0,51.0,-110.0,6.0,-22.0,16.0
29880,16.0,34.0,-124.0,8.0,-24.0,14.0
29920,20.0,45.0,-134.0,8.0,-22.0,12.0
29960,16.0,79.0,-129.0,9.0,-22.0,12.0
30000,7.0,89.0,-118.0,9.0,-23.0,12.0
30040,6.0,69.0,-101.0,10.0,-20.0,11.0
30080,18.0,93.0,-103.0,11.0,-19.0,12.0
30120,30.0,99.0,-121.0,9.0,-16.0,13.0
30160,37.0,85.0,-132.0,9.0,-15.0,12.0
30200,30.0,84.0,-125.0,8.0,-12.0,12.0
30240,30.0,51.0,-117.0,9.0,-10.0,14.0
30280,23.0,63.0,-113.0,9.0,-10.0,14.0
30320,9.0,85.0,-113.0,9.0,-8.0,13.0
30360,15.0,52.0,-126.0,9.0,-9.0,13.0
30400,28.0,36.0,-119.0,9.0,-6.0,13.0
30440,40.0,42.0,-125.0,8.0,-7.0,13.0
30480,41.0,26.0,-121.0,7.0,-6.0,13.0
30520,32.0,-1.0,-133.0,6.0,-7.0,13.0
30560,15.0,-1.0,-135.0,5.0,-6.0,13.0
30600,3.0,3.0,-133.0,3.0,-3.0,14.0
30640,-5.0,0.0,-132.0,3.0,-5.0,15.0
30680,-4.0,-10.0,-135.0,2.0,1.0,14.0
30720,-2.0,-9.0,-137.0,4.0,4.0,13.0
30760,-6.0,13.0,-128.0,3.0,6.0,11.0
30800,-13.0,4.0,-124.0,1.0,10.0,11.0
30840,-19.0,2.0,-129.0,1.0,11.0,8.0
30880,-22.0,5.0,-137.0,0.0,13.0,5.0
30920,-17.0,0.0,-147.0,-2.0,15.0,2.0
30960,-13.0,-16.0,-156.0,-6.0,16.0,1.0
31000,-6.0,-22.0,-161.0,-4.0,15.0,0.0
31040,-2.0,-18.0,-158.0,-9.0,15.0,0.0
31080,0.0,-22.0,-151.0,-9.0,15.0,2.0
31120,7.0,-37.0,-150.0,-10.0,17.0,2.0
31160,17.0,-33.0,-159.0,-11.0,18.0,1.0
31200,26.0,-37.0,-155.0,-11.0,19.0,0.0
31240,37.0,-48.0,-154.0,-12.0,21.0,-1.0
31280,34.0,-48.0,-148.0,-15.0,21.0,-1.0
31320,19.0,-35.0,-145.0,-15.0,23.0,-4.0
31360,-3.0,-19.0,-159.0,-17.0,24.0,-6.0
31400,-14.0,7.0,-160.0,-18.0,25.0,-9.0
31440,-7.0,3.0,-157.0,-21.0,26.0,-14.0
31480,10.0,-31.0,-133.0,-22.0,28.0,-19.0
31520,13.0,-20.0,-117.0,-22.0,29.0,-22.0
31560,9.0,-24.0,-128.0,-24.0,31.0,-24.0
31600,5.0,-46.0,-115.0,-27.0,30.0,-27.0
31640,0.0,-50.0,-101.0,-29.0,31.0,-30.0
31680,-1.0,-41.0,-96.0,-30.0,31.0,-31.0
31720,-2.0,-19.0,-100.0,-30.0,31.0,-29.0
31760,-4.0,3.0,-102.0,-31.0,29.0,-27.0
31800,4.0,-14.0,-77.0,-33.0,28.0,-25.0
31840,16.0,-17.0,-57.0,-34.0,29.0,-25.0
31880,18.0,23.0,-51.0,-36.0,27.0,-24.0
31920,12.0,11.0,-62.0,-38.0,29.0,-23.0
31960,20.0,-30.0,-58.0,-38.0,30.0,-22.0
32000,33.0,-44.0,-45.0,-40.0,31.0,-22.0
32040,45.0,-19.0,-39.0,-39.0,31.0,-22.0
32080,39.0,-13.0,-39.0,-41.0,29.0,-21.0
32120,35.0,-49.0,-34.0,-40.0,29.0,-20.0
32160,48.0,-42.0,-27.0,-41.0,30.0,-22.0
32200,63.0,3.0,-19.0,-41.0,30.0,-21.0
32240,65.0,7.0,-12.0,-41.0,28.0,-23.0
32280,71.0,-39.0,-2.0,-41.0,27.0,-22.0
32320,82.0,-21.0,14.0,-40.0,26.0,-20.0
32360,80.0,36.0,24.0,-43.0,24.0,-16.0
32400,64.0,45.0,28.0,-41.0,22.0,-14.0
32440,61.0,12.0,39.0,-42.0,23.0,-8.0
32480,69.0,17.0,45.0,-43.0,24.0,-5.0
32520,69.0,43.0,56.0,-43.0,23.0,1.0
32560,58.0,16.0,71.0,-42.0,23.0,4.0
32600,53.0,-33.0,93.0,-42.0,22.0,6.0
32640,56.0,-50.0,103.0,-42.0,24.0,8.0
32680,47.0,-36.0,112.0,-42.0,24.0,10.0
32720,34.0,-37.0,104.0,-41.0,23.0,8.0
32760,40.0,-79.0,104.0,-42.0,21.0,7.0
32800,49.0,-58.0,125.0,-41.0,20.0,5.0
32840,36.0,-10.0,141.0,-38.0,20.0,5.0
32880,30.0,-3.0,140.0,-37.0,17.0,4.0
32920,47.0,-25.0,141.0,-36.0,15.0,3.0
32960,65.0,15.0,155.0,-35.0,14.0,1.0
33000,70.0,18.0,167.0,-34.0,14.0,2.0
33040,76.0,-16.0,173.0,-30.0,11.0,0.0
33080,76.0,-22.0,173.0,-31.0,11.0,3.0
33120,75.0,-24.0,165.0,-30.0,10.0,1.0
33160,66.0,-22.0,159.0,-28.0,11.0,1.0
33200,51.0,6.0,143.0,-28.0,9.0,4.0
33240,41.0,10.0,134.0,-25.0,8.0,6.0
33280,35.0,18.0,141.0,-25.0,5.0,6.0
33320,34.0,27.0,144.0,-21.0,6.0,7.0
33360,36.0,53.0,139.0,-20.0,5.0,5.0
33400,35.0,24.0,138.0,-18.0,3.0,5.0
33440,28.0,24.0,156.0,-14.0,3.0,4.0
33480,15.0,48.0,159.0,-14.0,1.0,2.0
33520,7.0,44.0,171.0,-13.0,-1.0,1.0
33560,5.0,16.0,184.0,-11.0,0.0,3.0
33600,7.0,8.0,198.0,-9.0,-3.0,3.0
33640,5.0,8.0,203.0,-9.0,-4.0,4.0
33680,-4.0,-28.0,194.0,-8.0,-6.0,6.0
33720,-20.0,-52.0,176.0,-6.0,-9.0,6.0
33760,-37.0,-62.0,183.0,-4.0,-10.0,7.0
33800,-43.0,-69.0,171.0,-4.0,-12.0,11.0
33840,-41.0,-86.0,146.0,-1.0,-12.0,10.0
33880,-39.0,-72.0,139.0,0.0,-11.0,9.0
33920,-43.0,-57.0,141.0,3.0,-13.0,10.0
33960,-43.0,-57.0,142.0,6.0,-11.0,8.0
34000,-46.0,-27.0,145.0,8.0,-13.0,5.0
34040,-50.0,-39.0,142.0,10.0,-12.0,1.0
34080,-49.0,-52.0,148.0,10.0,-13.0,-1.0
34120,-39.0,-55.0,135.0,11.0,-15.0,-3.0
34160,-35.0,-44.0,116.0,12.0,-19.0,-7.0
34200,-38.0,-62.0,109.0,13.0,-21.0,-10.0
34240,-42.0,-69.0,113.0,14.0,-23.0,-10.0
34280,-39.0,-48.0,114.0,15.0,-27.0,-11.0
34320,-35.0,-50.0,105.0,18.0,-28.0,-10.0
34360,-37.0,-54.0,109.0,21.0,-31.0,-8.0
34400,-39.0,-57.0,121.0,21.0,-32.0,-7.0
34440,-35.0,-23.0,117.0,23.0,-32.0,-4.0
34480,-36.0,-21.0,102.0,24.0,-32.0,-2.0
34520,-43.0,-24.0,97.0,25.0,-32.0,-2.0
34560,-48.0,-33.0,105.0,26.0,-30.0,-3.0
34600,-49.0,-8.0,105.0,26.0,-30.0,-7.0
34640,-51.0,-26.0,93.0,27.0,-28.0,-9.0
34680,-51.0,-36.0,91.0,25.0,-28.0,-16.0
34720,-64.0,-25.0,103.0,26.0,-29.0,-20.0
34760,-69.0,-40.0,107.0,28.0,-33.0,-22.0
34800,-76.0,-24.0,104.0,29.0,-35.0,-26.0
34840,-73.0,-18.0,87.0,31.0,-39.0,-29.0
34880,-60.0,-26.0,79.0,32.0,-41.0,-26.0
34920,-47.0,-9.0,81.0,33.0,-42.0,-25.0
34960,-34.0,21.0,69.0,34.0,-43.0,-24.0
35000,-24.0,13.0,69.0,34.0,-43.0,-18.0
35040,-21.0,34.0,55.0,35.0,-42.0,-16.0
35080,-18.0,21.0,46.0,35.0,-40.0,-11.0
35120,-14.0,11.0,52.0,33.0,-39.0,-6.0
35160,-18.0,32.0,41.0,34.0,-35.0,-2.0
35200,-21.0,15.0,27.0,37.0,-33.0,2.0
35240,-20.0,7.0,35.0,35.0,-33.0,4.0
35280,-17.0,36.0,35.0,36.0,-34.0,7.0
35320,-16.0,35.0,12.0,35.0,-34.0,8.0
35360,-8.0,5.0,6.0,37.0,-35.0,5.0
35400,3.0,16.0,16.0,36.0,-38.0,3.0
35440,11.0,22.0,46.0,35.0,-37.0,3.0
35480,9.0,16.0,30.0,35.0,-39.0,3.0
35520,12.0,39.0,-15.0,33.0,-39.0,5.0
35560,23.0,36.0,-29.0,33.0,-37.0,6.0
35600,25.0,42.0,-15.0,31.0,-36.0,11.0
35640,25.0,36.0,-16.0,32.0,-34.0,14.0
35680,29.0,43.0,-37.0,32.0,-31.0,18.0
35720,23.0,52.0,-62.0,30.0,-31.0,23.0
35760,5.0,34.0,-67.0,31.0,-29.0,27.0
35800,-13.0,21.0,-62.0,29.0,-27.0,27.0
35840,-21.0,24.0,-72.0,29.0,-25.0,27.0
35880,-25.0,30.0,-90.0,27.0,-23.0,25.0
35920,-19.0,21.0,-97.0,25.0,-22.0,25.0
35960,-7.0,38.0,-94.0,22.0,-19.0,22.0
36000,5.0,63.0,-103.0,21.0,-19.0,20.0
36040,-2.0,91.0,-111.0,20.0,-18.0,17.0
36080,-10.0,87.0,-113.0,19.0,-16.0,15.0
36120,-13.0,99.0,-101.0,15.0,-17.0,14.0
36160,-16.0,136.0,-86.0,16.0,-18.0,14.0
36200,-27.0,138.0,-70.0,15.0,-17.0,13.0
36240,-29.0,121.0,-56.0,14.0,-17.0,15.0
36280,-28.0,108.0,-57.0,10.0,-16.0,19.0
36320,-37.0,114.0,-59.0,10.0,-12.0,22.0
36360,-54.0,86.0,-43.0,8.0,-10.0,25.0
36400,-66.0,38.0,-26.0,7.0,-7.0,28.0
36440,-78.0,35.0,-26.0,3.0,-3.0,30.0
36480,-97.0,39.0,-36.0,2.0,-1.0,32.0
36520,-112.0,12.0,-20.0,2.0,1.0,33.0
36560,-116.0,-17.0,9.0,0.0,0.0,31.0
36600,-122.0,1.0,23.0,0.0,2.0,27.0
36640,-128.0,-10.0,25.0,-2.0,5.0,27.0
36680,-125.0,-20.0,24.0,-4.0,4.0,22.0
36720,-122.0,-15.0,34.0,-4.0,5.0,18.0
36760,-126.0,14.0,47.0,-3.0,3.0,14.0
36800,-136.0,16.0,56.0,-5.0,3.0,12.0
36840,-143.0,37.0,72.0,-6.0,4.0,12.0
36880,-148.0,31.0,89.0,-7.0,4.0,8.0
36920,-153.0,15.0,108.0,-8.0,4.0,3.0
36960,-153.0,6.0,121.0,-8.0,6.0,4.0
37000,-149.0,-15.0,122.0,-8.0,7.0,1.0
37040,-150.0,-42.0,132.0,-8.0,10.0,0.0
37080,-152.0,-45.0,151.0,-9.0,12.0,-2.0
37120,-152.0,-30.0,156.0,-8.0,14.0,-3.0
37160,-152.0,-48.0,151.0,-8.0,13.0,-3.0
37200,-151.0,-41.0,160.0,-7.0,13.0,-4.0
37240,-145.0,-32.0,175.0,-7.0,12.0,-8.0
37280,-135.0,-21.0,190.0,-7.0,10.0,-9.0
37320,-132.0,-17.0,188.0,-7.0,9.0,-13.0
37360,-126.0,-18.0,189.0,-6.0,10.0,-17.0
37400,-115.0,-4.0,202.0,-6.0,9.0,-20.0
37440,-103.0,-3.0,219.0,-4.0,7.0,-25.0
37480,-94.0,-6.0,207.0,-3.0,9.0,-27.0
37520,-89.0,-11.0,205.0,-1.0,8.0,-29.0
37560,-92.0,15.0,203.0,0.0,9.0,-30.0
37600,-101.0,13.0,211.0,0.0,11.0,-31.0
37640,-108.0,-16.0,200.0,2.0,9.0,-29.0
37680,-109.0,-6.0,200.0,2.0,9.0,-29.0
37720,-103.0,-10.0,206.0,4.0,11.0,-30.0
37760,-94.0,-12.0,217.0,5.0,12.0,-29.0
37800,-79.0,-8.0,214.0,4.0,11.0,-27.0
37840,-58.0,6.0,208.0,3.0,11.0,-27.0
37880,-42.0,13.0,204.0,5.0,14.0,-24.0
37920,-34.0,31.0,206.0,4.0,15.0,-22.0
37960,-22.0,31.0,209.0,5.0,11.0,-19.0
38000,-11.0,27.0,213.0,10.0,9.0,-20.0
38040,-9.0,27.0,213.0,10.0,8.0,-17.0
38080,-7.0,29.0,206.0,10.0,9.0,-16.0
38120,-3.0,16.0,195.0,11.0,7.0,-14.0
38160,2.0,10.0,185.0,15.0,5.0,-13.0
38200,10.0,8.0,183.0,15.0,6.0,-9.0
38240,19.0,17.0,177.0,15.0,7.0,-6.0
38280,24.0,18.0,164.0,15.0,7.0,1.0
38320,29.0,18.0,153.0,15.0,6.0,5.0
38360,30.0,26.0,139.0,16.0,8.0,8.0
38400,34.0,38.0,140.0,16.0,7.0,13.0
38440,33.0,67.0,127.0,17.0,8.0,19.0
38480,39.0,52.0,112.0,17.0,8.0,22.0
38520,60.0,42.0,120.0,17.0,8.0,23.0
38560,83.0,66.0,118.0,19.0,8.0,25.0
38600,96.0,72.0,113.0,20.0,7.0,27.0
38640,99.0,40.0,102.0,19.0,6.0,31.0
38680,98.0,32.0,99.0,20.0,4.0,32.0
38720,95.0,7.0,98.0,21.0,1.0,32.0
38760,84.0,-6.0,110.0,19.0,0.0,32.0
38800,75.0,-12.0,98.0,19.0,0.0,35.0
38840,70.0,-16.0,86.0,19.0,-2.0,35.0
38880,64.0,-17.0,90.0,19.0,2.0,35.0
38920,57.0,-12.0,103.0,20.0,3.0,35.0
38960,56.0,-17.0,108.0,20.0,3.0,32.0
39000,63.0,-37.0,121.0,20.0,3.0,31.0
39040,68.0,-23.0,125.0,21.0,3.0,29.0
39080,68.0,-29.0,124.0,23.0,1.0,28.0
39120,56.0,-18.0,121.0,22.0,-1.0,27.0
39160,50.0,-17.0,116.0,22.0,-2.0,23.0
39200,57.0,-10.0,124.0,23.0,-4.0,22.0
39240,63.0,-6.0,128.0,22.0,-6.0,19.0
39280,66.0,-14.0,114.0,20.0,-7.0,16.0
39320,70.0,-14.0,105.0,21.0,-7.0,11.0
39360,67.0,3.0,113.0,21.0,-8.0,8.0
39400,54.0,-2.0,111.0,21.0,-7.0,4.0
39440,50.0,-37.0,108.0,21.0,-7.0,1.0
39480,44.0,-26.0,110.0,22.0,-9.0,-2.0
39520,31.0,-6.0,126.0,21.0,-9.0,-4.0
39560,16.0,-31.0,141.0,22.0,-9.0,-5.0
39600,21.0,-43.0,140.0,21.0,-11.0,-8.0
39640,22.0,-26.0,127.0,20.0,-10.0,-8.0
39680,12.0,-16.0,128.0,20.0,-11.0,-14.0
39720,7.0,-58.0,137.0,17.0,-11.0,-16.0
39760,12.0,-75.0,154.0,18.0,-12.0,-22.0
39800,13.0,-80.0,145.0,18.0,-13.0,-23.0
39840,0.0,-65.0,143.0,17.0,-13.0,-26.0
39880,-5.0,-78.0,121.0,17.0,-14.0,-29.0
39920,-2.0,-62.0,115.0,16.0,-16.0,-31.0
39960,-2.0,-41.0,118.0,18.0,-17.0,-33.0
40000,0.0,-44.0,123.0,18.0,-16.0,-35.0
40040,4.0,-32.0,118.0,17.0,-18.0,-34.0
40080,17.0,-36.0,103.0,15.0,-18.0,-35.0
40120,19.0,-15.0,103.0,15.0,-15.0,-35.0
40160,22.0,-37.0,101.0,14.0,-16.0,-34.0
40200,25.0,-34.0,111.0,11.0,-16.0,-34.0
40240,28.0,-36.0,102.0,13.0,-15.0,-32.0
40280,30.0,-44.0,98.0,11.0,-16.0,-29.0
40320,35.0,-58.0,98.0,9.0,-16.0,-27.0
40360,47.0,-41.0,96.0,8.0,-17.0,-24.0
40400,56.0,-37.0,90.0,7.0,-18.0,-22.0
40440,55.0,-48.0,82.0,7.0,-18.0,-17.0
40480,60.0,-64.0,72.0,8.0,-19.0,-16.0
40520,63.0,-56.0,64.0,5.0,-19.0,-13.0
40560,63.0,-37.0,53.0,3.0,-20.0,-13.0
40600,59.0,-36.0,46.0,4.0,-19.0,-10.0
40640,65.0,-41.0,39.0,1.0,-20.0,-9.0
40680,74.0,-15.0,33.0,1.0,-17.0,-9.0
40720,79.0,2.0,22.0,0.0,-16.0,-6.0
40760,78.0,-2.0,17.0,-2.0,-17.0,-7.0
40800,86.0,-22.0,15.0,-1.0,-16.0,-5.0
40840,95.0,-1.0,15.0,-2.0,-18.0,-3.0
40880,88.0,18.0,-4.0,-3.0,-18.0,1.0
40920,92.0,-10.0,-20.0,-3.0,-17.0,2.0
40960,110.0,-11.0,-28.0,-4.0,-17.0,5.0
41000,123.0,11.0,-35.0,-5.0,-18.0,8.0
41040,128.0,17.0,-40.0,-6.0,-17.0,14.0
41080,137.0,13.0,-59.0,-7.0,-15.0,16.0
41120,150.0,18.0,-79.0,-7.0,-16.0,21.0
41160,161.0,36.0,-83.0,-7.0,-15.0,25.0
41200,163.0,30.0,-96.0,-9.0,-14.0,26.0
41240,169.0,14.0,-111.0,-7.0,-14.0,28.0
41280,170.0,26.0,-121.0,-10.0,-14.0,30.0
41320,167.0,16.0,-130.0,-10.0,-15.0,30.0
41360,168.0,2.0,-135.0,-10.0,-12.0,31.0
41400,176.0,-3.0,-153.0,-10.0,-13.0,28.0
41440,174.0,11.0,-152.0,-8.0,-11.0,27.0
41480,173.0,-19.0,-165.0,-10.0,-11.0,28.0
41520,172.0,-19.0,-172.0,-9.0,-11.0,27.0
41560,166.0,18.0,-173.0,-11.0,-11.0,27.0
41600,158.0,23.0,-177.0,-12.0,-10.0,28.0
41640,163.0,-18.0,-182.0,-11.0,-9.0,27.0
41680,169.0,26.0,-191.0,-11.0,-8.0,28.0
41720,164.0,56.0,-191.0,-12.0,-5.0,29.0
41760,165.0,5.0,-187.0,-11.0,-4.0,27.0
41800,166.0,-4.0,-190.0,-11.0,-3.0,26.0
41840,162.0,25.0,-208.0,-10.0,-3.0,25.0
41880,142.0,30.0,-194.0,-12.0,-1.0,23.0
41920,126.0,-5.0,-188.0,-11.0,-1.0,21.0
41960,127.0,-20.0,-192.0,-10.0,-1.0,17.0
42000,135.0,-6.0,-196.0,-11.0,1.0,16.0
42040,121.0,10.0,-189.0,-11.0,2.0,12.0
42080,108.0,-13.0,-175.0,-12.0,1.0,8.0
42120,112.0,-23.0,-172.0,-12.0,3.0,5.0
42160,114.0,5.0,-165.0,-12.0,2.0,2.0
42200,105.0,27.0,-157.0,-13.0,6.0,-3.0
42240,95.0,19.0,-149.0,-13.0,6.0,-3.0
42280,97.0,28.0,-145.0,-14.0,5.0,-4.0
42320,92.0,65.0,-136.0,-13.0,7.0,-5.0
42360,76.0,67.0,-125.0,-12.0,7.0,-6.0
42400,66.0,44.0,-112.0,-14.0,8.0,-5.0
42440,67.0,30.0,-107.0,-13.0,9.0,-5.0
42480,66.0,21.0,-108.0,-12.0,10.0,-6.0
42520,58.0,-4.0,-100.0,-12.0,13.0,-5.0
42560,45.0,-9.0,-94.0,-13.0,13.0,-7.0
42600,40.0,-43.0,-91.0,-14.0,15.0,-6.0
42640,35.0,-41.0,-78.0,-13.0,16.0,-6.0
42680,20.0,-34.0,-75.0,-13.0,16.0,-7.0
42720,16.0,-49.0,-64.0,-13.0,16.0,-9.0
42760,13.0,-36.0,-51.0,-14.0,16.0,-9.0
42800,13.0,-24.0,-39.0,-15.0,14.0,-9.0
42840,13.0,-21.0,-19.0,-15.0,14.0,-11.0
42880,12.0,-26.0,-9.0,-15.0,16.0,-10.0
42920,18.0,-14.0,1.0,-14.0,16.0,-12.0
42960,18.0,-19.0,5.0,-15.0,17.0,-12.0
43000,14.0,-22.0,11.0,-16.0,18.0,-13.0
43040,12.0,-20.0,24.0,-16.0,20.0,-12.0
43080,12.0,-39.0,29.0,-16.0,21.0,-11.0
43120,5.0,-30.0,28.0,-14.0,21.0,-10.0
43160,6.0,-34.0,23.0,-13.0,21.0,-11.0
43200,2.0,-19.0,29.0,-14.0,21.0,-9.0
43240,-4.0,-38.0,39.0,-14.0,21.0,-10.0
43280,-2.0,-22.0,46.0,-14.0,21.0,-9.0
43320,2.0,27.0,33.0,-14.0,20.0,-8.0
43360,6.0,34.0,38.0,-14.0,20.0,-10.0
43400,10.0,24.0,48.0,-13.0,19.0,-8.0
43440,19.0,39.0,56.0,-13.0,21.0,-7.0
43480,18.0,77.0,58.0,-13.0,19.0,-6.0
43520,17.0,49.0,50.0,-13.0,19.0,-5.0
43560,13.0,41.0,45.0,-14.0,20.0,-5.0
43600,19.0,49.0,43.0,-13.0,19.0,-4.0
43640,21.0,41.0,32.0,-12.0,19.0,-1.0
43680,22.0,27.0,11.0,-10.0,18.0,0.0
43720,29.0,15.0,6.0,-11.0,19.0,2.0
43760,36.0,-2.0,9.0,-10.0,18.0,4.0
43800,32.0,22.0,-3.0,-13.0,18.0,7.0
43840,25.0,7.0,-12.0,-10.0,17.0,9.0
43880,31.0,2.0,-14.0,-10.0,17.0,11.0
43920,41.0,17.0,-12.0,-9.0,15.0,14.0
43960,49.0,25.0,-4.0,-11.0,16.0,16.0
44000,64.0,15.0,-13.0,-11.0,17.0,17.0
44040,77.0,24.0,-22.0,-10.0,14.0,18.0
44080,74.0,45.0,-25.0,-12.0,14.0,19.0
44120,66.0,29.0,-43.0,-11.0,16.0,19.0
44160,67.0,22.0,-49.0,-11.0,14.0,18.0
44200,70.0,28.0,-47.0,-11.0,13.0,18.0
44240,71.0,20.0,-47.0,-11.0,12.0,17.0
44280,68.0,25.0,-53.0,-10.0,12.0,16.0
44320,66.0,30.0,-74.0,-11.0,11.0,16.0
44360,63.0,35.0,-81.0,-11.0,9.0,16.0
44400,58.0,30.0,-84.0,-11.0,9.0,18.0
44440,50.0,29.0,-85.0,-12.0,9.0,18.0
44480,39.0,-31.0,-87.0,-12.0,8.0,17.0
44520,15.0,-84.0,-54.0,-13.0,9.0,17.0
44560,-29.0,-74.0,5.0,-13.0,9.0,17.0
44600,-70.0,-61.0,30.0,-14.0,8.0,17.0
44640,-83.0,-44.0,-15.0,-15.0,8.0,16.0
44680,-57.0,-44.0,-111.0,-14.0,9.0,11.0
44720,-23.0,-34.0,-161.0,-16.0,8.0,5.0
44760,-13.0,-21.0,-145.0,-11.0,2.0,-1.0
44800,-19.0,-4.0,-93.0,-8.0,-2.0,-6.0
44840,-33.0,18.0,-58.0,-4.0,-9.0,-9.0
44880,-43.0,37.0,-60.0,-6.0,-14.0,-11.0
44920,-34.0,58.0,-56.0,-9.0,-15.0,-14.0
44960,-8.0,26.0,-41.0,-12.0,-15.0,-18.0
45000,13.0,-37.0,-14.0,-13.0,-11.0,-20.0
45040,5.0,-70.0,17.0,-13.0,-8.0,-19.0
45080,-35.0,-78.0,41.0,-14.0,-6.0,-17.0
45120,-102.0,-96.0,66.0,-13.0,-5.0,-16.0
45160,-179.0,-100.0,102.0,-12.0,-8.0,-18.0
45200,-231.0,-108.0,154.0,-12.0,-7.0,-20.0
45240,-244.0,-118.0,209.0,-7.0,-10.0,-21.0
45280,-228.0,-100.0,246.0,-6.0,-14.0,-21.0
45320,-200.0,-82.0,235.0,-6.0,-20.0,-25.0
45360,-171.0,-115.0,194.0,-5.0,-24.0,-30.0
45400,-151.0,-84.0,150.0,-5.0,-26.0,-36.0
45440,-149.0,21.0,138.0,-4.0,-27.0,-44.0
45480,-131.0,22.0,158.0,-3.0,-29.0,-46.0
45520,-74.0,-61.0,163.0,-2.0,-30.0,-52.0
45560,-19.0,-47.0,159.0,2.0,-31.0,-56.0
45600,-5.0,17.0,154.0,3.0,-34.0,-57.0
45640,-35.0,31.0,177.0,3.0,-37.0,-55.0
45680,-63.0,-9.0,214.0,4.0,-39.0,-51.0
45720,-67.0,-31.0,240.0,8.0,-37.0,-45.0
45760,-55.0,-21.0,248.0,9.0,-37.0,-37.0
45800,-31.0,-45.0,203.0,11.0,-39.0,-30.0
45840,-1.0,-89.0,158.0,10.0,-40.0,-25.0
45880,7.0,-65.0,149.0,11.0,-39.0,-21.0
45920,-23.0,-8.0,167.0,14.0,-37.0,-18.0
45960,-61.0,17.0,167.0,17.0,-37.0,-17.0
46000,-70.0,44.0,142.0,22.0,-42.0,-19.0
46040,-29.0,67.0,130.0,22.0,-44.0,-20.0
46080,42.0,87.0,131.0,25.0,-47.0,-19.0
46120,108.0,123.0,96.0,26.0,-48.0,-16.0
46160,151.0,151.0,26.0,28.0,-51.0,-15.0
46200,163.0,163.0,-13.0,32.0,-52.0,-15.0
46240,163.0,171.0,-21.0,35.0,-50.0,-10.0
46280,174.0,135.0,-9.0,34.0,-50.0,1.0
46320,203.0,112.0,-19.0,36.0,-49.0,13.0
46360,236.0,91.0,-53.0,34.0,-48.0,23.0
46400,248.0,89.0,-74.0,33.0,-45.0,33.0
46440,240.0,89.0,-102.0,31.0,-40.0,47.0
46480,229.0,59.0,-137.0,31.0,-35.0,61.0
46520,223.0,53.0,-178.0,33.0,-32.0,68.0
46560,221.0,58.0,-224.0,37.0,-31.0,73.0
46600,230.0,68.0,-259.0,38.0,-31.0,75.0
46640,241.0,69.0,-300.0,38.0,-32.0,74.0
46680,239.0,96.0,-325.0,40.0,-31.0,75.0
46720,225.0,127.0,-324.0,41.0,-33.0,72.0
46760,207.0,177.0,-326.0,40.0,-34.0,67.0
46800,205.0,179.0,-331.0,37.0,-34.0,64.0
46840,223.0,171.0,-332.0,34.0,-31.0,61.0
46880,248.0,205.0,-328.0,30.0,-26.0,62.0
46920,273.0,216.0,-321.0,28.0,-22.0,64.0
46960,272.0,175.0,-308.0,25.0,-18.0,67.0
47000,237.0,124.0,-281.0,24.0,-13.0,73.0
47040,189.0,102.0,-251.0,24.0,-9.0,79.0
47080,144.0,104.0,-226.0,23.0,-6.0,86.0
47120,114.0,58.0,-220.0,19.0,-5.0,93.0
47160,101.0,23.0,-207.0,19.0,-2.0,97.0
47200,95.0,19.0,-207.0,18.0,2.0,98.0
47240,75.0,19.0,-198.0,13.0,3.0,97.0
47280,43.0,-13.0,-186.0,14.0,2.0,91.0
47320,25.0,-57.0,-171.0,11.0,5.0,80.0
47360,27.0,-62.0,-143.0,10.0,9.0,64.0
47400,28.0,-33.0,-136.0,7.0,10.0,51.0
47440,28.0,-53.0,-123.0,5.0,11.0,34.0
47480,38.0,-70.0,-103.0,4.0,11.0,20.0
47520,31.0,-12.0,-72.0,5.0,10.0,5.0
47560,9.0,1.0,-37.0,1.0,12.0,-5.0
47600,-17.0,-24.0,-8.0,0.0,13.0,-11.0
47640,-30.0,-25.0,-5.0,-1.0,14.0,-15.0
47680,-31.0,-45.0,-10.0,-1.0,14.0,-18.0
47720,-35.0,-70.0,1.0,0.0,18.0,-19.0
47760,-60.0,-86.0,5.0,0.0,20.0,-19.0
47800,-87.0,-144.0,33.0,-2.0,22.0,-19.0
47840,-111.0,-145.0,40.0,-4.0,26.0,-20.0
47880,-120.0,-115.0,46.0,-4.0,27.0,-28.0
47920,-109.0,-129.0,52.0,-7.0,28.0,-35.0
47960,-88.0,-159.0,59.0,-5.0,29.0,-43.0
48000,-83.0,-103.0,79.0,-6.0,26.0,-53.0
48040,-88.0,-88.0,101.0,-6.0,24.0,-67.0
48080,-98.0,-87.0,131.0,-7.0,21.0,-81.0
48120,-98.0,-79.0,155.0,-9.0,19.0,-92.0
48160,-84.0,-49.0,176.0,-9.0,18.0,-96.0
48200,-61.0,-49.0,182.0,-10.0,17.0,-100.0
48240,-37.0,-55.0,180.0,-10.0,15.0,-100.0
48280,-32.0,-41.0,184.0,-10.0,19.0,-96.0
48320,-38.0,-53.0,195.0,-13.0,22.0,-90.0
48360,-47.0,-64.0,188.0,-12.0,23.0,-80.0
48400,-44.0,-77.0,164.0,-12.0,26.0,-71.0
48440,-36.0,-86.0,139.0,-10.0,26.0,-62.0
48480,-30.0,-116.0,115.0,-11.0,28.0,-53.0
48520,-15.0,-160.0,88.0,-11.0,27.0,-47.0
48560,-2.0,-181.0,86.0,-11.0,28.0,-38.0
48600,-2.0,-168.0,78.0,-12.0,25.0,-33.0
48640,-6.0,-152.0,61.0,-14.0,23.0,-31.0
48680,12.0,-136.0,34.0,-15.0,22.0,-31.0
48720,53.0,-133.0,12.0,-16.0,22.0,-32.0
48760,107.0,-119.0,5.0,-20.0,22.0,-29.0
48800,142.0,-119.0,13.0,-21.0,21.0,-29.0
48840,153.0,-89.0,16.0,-22.0,19.0,-30.0
48880,154.0,-95.0,3.0,-22.0,20.0,-27.0
48920,159.0,-64.0,-2.0,-24.0,20.0,-20.0
48960,168.0,-17.0,-13.0,-23.0,20.0,-12.0
49000,183.0,-13.0,-45.0,-24.0,20.0,-2.0
49040,195.0,-21.0,-54.0,-23.0,19.0,6.0
49080,186.0,24.0,-55.0,-23.0,21.0,13.0
49120,157.0,51.0,-63.0,-25.0,19.0,23.0
49160,148.0,-1.0,-93.0,-25.0,18.0,29.0
49200,156.0,-5.0,-133.0,-26.0,20.0,31.0
49240,165.0,25.0,-164.0,-27.0,22.0,33.0
49280,179.0,-8.0,-162.0,-29.0,23.0,34.0
49320,203.0,-13.0,-166.0,-30.0,21.0,34.0
49360,217.0,4.0,-186.0,-31.0,20.0,32.0
49400,211.0,43.0,-182.0,-32.0,17.0,31.0
49440,200.0,81.0,-184.0,-34.0,16.0,30.0
49480,204.0,85.0,-199.0,-34.0,13.0,33.0
49520,214.0,84.0,-204.0,-35.0,10.0,30.0
49560,217.0,87.0,-192.0,-34.0,9.0,32.0
49600,204.0,87.0,-193.0,-36.0,6.0,30.0
49640,179.0,71.0,-201.0,-36.0,8.0,35.0
49680,153.0,57.0,-216.0,-34.0,9.0,36.0
49720,133.0,47.0,-212.0,-34.0,9.0,39.0
49760,119.0,41.0,-207.0,-34.0,10.0,40.0
49800,104.0,23.0,-213.0,-33.0,10.0,40.0
49840,88.0,9.0,-226.0,-31.0,9.0,38.0
49880,66.0,20.0,-214.0,-33.0,9.0,33.0
49920,50.0,16.0,-201.0,-31.0,5.0,28.0
49960,52.0,12.0,-204.0,-33.0,5.0,21.0
50000,62.0,31.0,-201.0,-31.0,2.0,17.0
50040,66.0,43.0,-192.0,-31.0,0.0,9.0
50080,67.0,28.0,-171.0,-30.0,-5.0,7.0
50120,67.0,44.0,-170.0,-32.0,-8.0,4.0
50160,57.0,72.0,-176.0,-31.0,-10.0,3.0
50200,37.0,74.0,-186.0,-29.0,-13.0,3.0
50240,13.0,55.0,-183.0,-27.0,-13.0,5.0
50280,3.0,42.0,-182.0,-25.0,-14.0,6.0
50320,-14.0,19.0,-174.0,-23.0,-15.0,7.0
50360,-35.0,-9.0,-156.0,-20.0,-15.0,5.0
50400,-51.0,-45.0,-148.0,-17.0,-17.0,3.0
50440,-70.0,-20.0,-146.0,-17.0,-16.0,2.0
50480,-89.0,-13.0,-156.0,-16.0,-18.0,-2.0
50520,-102.0,-27.0,-157.0,-15.0,-19.0,-6.0
50560,-101.0,-27.0,-136.0,-14.0,-21.0,-11.0
50600,-101.0,3.0,-107.0,-12.0,-24.0,-16.0
50640,-109.0,-3.0,-72.0,-10.0,-25.0,-19.0
50680,-108.0,-26.0,-62.0,-10.0,-26.0,-22.0
50720,-98.0,-23.0,-54.0,-10.0,-28.0,-27.0
50760,-97.0,-10.0,-39.0,-11.0,-29.0,-29.0
50800,-105.0,-42.0,-35.0,-9.0,-28.0,-27.0
50840,-107.0,-54.0,-38.0,-8.0,-30.0,-23.0
50880,-116.0,-46.0,-53.0,-5.0,-34.0,-21.0
50920,-135.0,-27.0,-58.0,-6.0,-35.0,-17.0
50960,-149.0,-28.0,-72.0,-5.0,-37.0,-13.0
51000,-142.0,-32.0,-94.0,-4.0,-37.0,-10.0
51040,-136.0,-12.0,-107.0,-2.0,-34.0,-8.0
51080,-134.0,-22.0,-103.0,0.0,-35.0,-8.0
51120,-128.0,-24.0,-109.0,2.0,-35.0,-8.0
51160,-106.0,-36.0,-121.0,2.0,-33.0,-11.0
51200,-96.0,2.0,-131.0,4.0,-35.0,-13.0
51240,-102.0,16.0,-137.0,4.0,-34.0,-12.0
51280,-107.0,16.0,-144.0,5.0,-35.0,-11.0
51320,-107.0,38.0,-149.0,6.0,-35.0,-10.0
51360,-109.0,65.0,-149.0,5.0,-37.0,-8.0
51400,-113.0,39.0,-117.0,4.0,-37.0,-3.0
51440,-105.0,3.0,-94.0,4.0,-38.0,1.0
51480,-93.0,49.0,-75.0,4.0,-36.0,7.0
51520,-91.0,73.0,-80.0,3.0,-36.0,11.0
51560,-106.0,-97.0,-74.0,3.0,-33.0,15.0
51600,-132.0,-172.0,-44.0,2.0,-32.0,19.0
51640,-199.0,29.0,-1.0,3.0,-32.0,25.0
51680,-257.0,148.0,43.0,3.0,-32.0,26.0
51720,-241.0,14.0,53.0,4.0,-30.0,25.0
51760,-152.0,-24.0,59.0,4.0,-25.0,22.0
51800,-90.0,114.0,114.0,7.0,-24.0,16.0
51840,-113.0,144.0,178.0,8.0,-27.0,8.0
51880,-145.0,-12.0,197.0,11.0,-29.0,3.0
51920,-142.0,-26.0,240.0,12.0,-30.0,2.0
51960,-161.0,111.0,300.0,10.0,-30.0,2.0
52000,-194.0,126.0,341.0,10.0,-33.0,2.0
52040,-175.0,39.0,335.0,14.0,-34.0,1.0
52080,-122.0,27.0,348.0,16.0,-33.0,9.0
52120,-124.0,78.0,423.0,16.0,-29.0,18.0
52160,-187.0,66.0,449.0,16.0,-31.0,27.0
52200,-221.0,4.0,393.0,19.0,-33.0,25.0
52240,-205.0,-37.0,366.0,22.0,-33.0,26.0
52280,-190.0,-21.0,383.0,26.0,-31.0,28.0
52320,-180.0,-27.0,379.0,29.0,-31.0,33.0
52360,-138.0,-44.0,336.0,35.0,-34.0,29.0
52400,-110.0,27.0,295.0,38.0,-38.0,20.0
52440,-116.0,80.0,289.0,42.0,-36.0,14.0
52480,-108.0,42.0,280.0,45.0,-34.0,11.0
52520,-56.0,33.0,242.0,49.0,-35.0,6.0
52560,-1.0,61.0,211.0,53.0,-39.0,-5.0
52600,18.0,3.0,203.0,57.0,-42.0,-12.0
52640,23.0,-51.0,188.0,57.0,-39.0,-17.0
52680,22.0,-2.0,144.0,58.0,-38.0,-17.0
52720,6.0,37.0,122.0,59.0,-40.0,-18.0
52760,-23.0,35.0,125.0,65.0,-41.0,-19.0
52800,-13.0,39.0,108.0,69.0,-39.0,-19.0
52840,28.0,43.0,83.0,72.0,-36.0,-17.0
52880,46.0,59.0,86.0,72.0,-35.0,-11.0
52920,37.0,47.0,74.0,71.0,-36.0,-11.0
52960,31.0,7.0,68.0,73.0,-37.0,-11.0
53000,20.0,9.0,52.0,73.0,-36.0,-10.0
53040,-7.0,29.0,60.0,74.0,-33.0,-8.0
53080,-4.0,-4.0,64.0,72.0,-34.0,-8.0
53120,36.0,-28.0,34.0,70.0,-34.0,-12.0
53160,59.0,2.0,19.0,68.0,-30.0,-13.0
53200,45.0,20.0,32.0,69.0,-26.0,-12.0
53240,25.0,21.0,53.0,69.0,-23.0,-10.0
53280,29.0,18.0,46.0,66.0,-24.0,-10.0
53320,26.0,34.0,55.0,66.0,-21.0,-11.0
53360,14.0,31.0,42.0,62.0,-18.0,-9.0
53400,18.0,17.0,35.0,63.0,-15.0,-7.0
53440,25.0,42.0,11.0,62.0,-13.0,-5.0
53480,12.0,55.0,23.0,59.0,-12.0,-2.0
53520,-16.0,53.0,33.0,57.0,-8.0,1.0
53560,-23.0,45.0,25.0,54.0,-5.0,3.0
53600,-2.0,53.0,2.0,51.0,-3.0,1.0
53640,15.0,29.0,0.0,46.0,1.0,3.0
53680,18.0,-46.0,20.0,42.0,2.0,4.0
53720,10.0,-36.0,43.0,41.0,5.0,2.0
53760,-7.0,5.0,42.0,40.0,6.0,2.0
53800,-44.0,2.0,59.0,35.0,7.0,3.0
53840,-66.0,-42.0,87.0,31.0,9.0,4.0
53880,-65.0,9.0,110.0,30.0,11.0,3.0
53920,-60.0,58.0,129.0,32.0,14.0,6.0
53960,-70.0,31.0,166.0,28.0,14.0,8.0
54000,-84.0,5.0,218.0,24.0,16.0,16.0
54040,-101.0,62.0,249.0,22.0,17.0,21.0
54080,-123.0,96.0,265.0,20.0,20.0,22.0
54120,-127.0,58.0,286.0,17.0,21.0,21.0
54160,-115.0,19.0,315.0,13.0,23.0,21.0
54200,-99.0,40.0,350.0,12.0,24.0,22.0
54240,-100.0,60.0,360.0,11.0,22.0,21.0
54280,-101.0,64.0,358.0,12.0,21.0,18.0
54320,-95.0,44.0,363.0,7.0,21.0,15.0
54360,-81.0,35.0,385.0,7.0,21.0,14.0
54400,-68.0,49.0,399.0,6.0,21.0,15.0
54440,-45.0,11.0,408.0,7.0,21.0,15.0
54480,-31.0,-5.0,414.0,4.0,19.0,13.0
54520,-36.0,-28.0,407.0,-1.0,21.0,13.0
54560,-53.0,-20.0,392.0,-3.0,21.0,16.0
54600,-67.0,-17.0,366.0,-2.0,22.0,19.0
54640,-71.0,-37.0,350.0,-2.0,21.0,16.0
54680,-64.0,-67.0,341.0,-3.0,22.0,17.0
54720,-53.0,-67.0,320.0,-4.0,21.0,15.0
54760,-46.0,-34.0,291.0,-2.0,20.0,15.0
54800,-47.0,-36.0,270.0,-2.0,17.0,11.0
54840,-42.0,-42.0,244.0,-1.0,15.0,7.0
54880,-31.0,-22.0,231.0,1.0,13.0,3.0
54920,-12.0,-11.0,207.0,0.0,13.0,3.0
54960,12.0,-16.0,178.0,-1.0,12.0,0.0
55000,47.0,-16.0,141.0,-3.0,10.0,-1.0
55040,76.0,-11.0,109.0,-5.0,9.0,-3.0
55080,86.0,-15.0,87.0,-10.0,10.0,-1.0
55120,93.0,-29.0,65.0,-11.0,12.0,1.0
55160,101.0,-26.0,46.0,-10.0,12.0,3.0
55200,114.0,-38.0,33.0,-13.0,12.0,1.0
55240,126.0,-64.0,8.0,-16.0,13.0,0.0
55280,129.0,-63.0,-5.0,-16.0,15.0,-1.0
55320,121.0,-53.0,-16.0,-15.0,15.0,-4.0
55360,110.0,-56.0,-36.0,-15.0,11.0,-5.0
55400,104.0,-58.0,-61.0,-15.0,9.0,-12.0
55440,107.0,-29.0,-95.0,-19.0,9.0,-17.0
55480,115.0,-19.0,-121.0,-22.0,11.0,-22.0
55520,131.0,-39.0,-144.0,-24.0,9.0,-24.0
55560,142.0,-21.0,-162.0,-24.0,8.0,-30.0
55600,143.0,-22.0,-175.0,-26.0,6.0,-33.0
55640,140.0,-21.0,-183.0,-32.0,8.0,-34.0
55680,138.0,-4.0,-203.0,-34.0,11.0,-33.0
55720,140.0,14.0,-221.0,-33.0,11.0,-31.0
55760,141.0,2.0,-224.0,-33.0,12.0,-29.0
55800,144.0,4.0,-222.0,-33.0,13.0,-23.0
55840,150.0,18.0,-229.0,-34.0,13.0,-18.0
55880,149.0,1.0,-234.0,-35.0,10.0,-12.0
55920,138.0,-12.0,-246.0,-37.0,9.0,-13.0
55960,132.0,-5.0,-257.0,-38.0,9.0,-11.0
56000,134.0,-17.0,-254.0,-38.0,10.0,-11.0
56040,149.0,-42.0,-253.0,-39.0,11.0,-10.0
56080,165.0,-35.0,-262.0,-39.0,8.0,-11.0
56120,178.0,-37.0,-259.0,-40.0,6.0,-15.0
56160,185.0,-34.0,-250.0,-43.0,6.0,-16.0
56200,185.0,-20.0,-257.0,-41.0,4.0,-17.0
56240,186.0,-24.0,-253.0,-39.0,5.0,-19.0
56280,190.0,-26.0,-236.0,-37.0,2.0,-19.0
56320,193.0,-21.0,-224.0,-36.0,1.0,-19.0
56360,192.0,-25.0,-215.0,-34.0,0.0,-19.0
56400,180.0,-33.0,-211.0,-35.0,-1.0,-15.0
56440,164.0,-1.0,-200.0,-34.0,1.0,-11.0
56480,150.0,6.0,-193.0,-35.0,0.0,-7.0
56520,148.0,-24.0,-191.0,-33.0,1.0,-1.0
56560,147.0,-21.0,-181.0,-29.0,1.0,5.0
56600,149.0,-16.0,-180.0,-28.0,-2.0,9.0
56640,143.0,-18.0,-173.0,-25.0,-5.0,10.0
56680,136.0,-22.0,-169.0,-24.0,-6.0,11.0
56720,143.0,-36.0,-160.0,-20.0,-6.0,9.0
56760,149.0,-31.0,-145.0,-17.0,-7.0,8.0
56800,157.0,-34.0,-139.0,-14.0,-9.0,6.0
56840,171.0,-28.0,-130.0,-10.0,-11.0,2.0
56880,180.0,-21.0,-134.0,-8.0,-12.0,-2.0
56920,178.0,2.0,-122.0,-6.0,-12.0,-1.0
56960,177.0,0.0,-112.0,-6.0,-13.0,-2.0
57000,175.0,3.0,-107.0,-2.0,-13.0,-1.0
57040,174.0,2.0,-102.0,1.0,-14.0,1.0
57080,172.0,-4.0,-94.0,2.0,-13.0,1.0
57120,167.0,-11.0,-91.0,4.0,-11.0,5.0
57160,158.0,-21.0,-90.0,4.0,-10.0,7.0
57200,152.0,-33.0,-89.0,8.0,-9.0,8.0
57240,137.0,-7.0,-92.0,11.0,-9.0,9.0
57280,118.0,-15.0,-98.0,14.0,-10.0,10.0
57320,114.0,-27.0,-105.0,15.0,-10.0,11.0
57360,111.0,-6.0,-98.0,17.0,-10.0,11.0
57400,106.0,23.0,-95.0,19.0,-10.0,9.0
57440,95.0,16.0,-88.0,21.0,-9.0,7.0
57480,96.0,8.0,-92.0,23.0,-9.0,4.0
57520,99.0,23.0,-89.0,22.0,-8.0,0.0
57560,100.0,23.0,-98.0,23.0,-8.0,-1.0
57600,98.0,26.0,-102.0,24.0,-6.0,-6.0
57640,103.0,24.0,-106.0,26.0,-4.0,-7.0
57680,105.0,27.0,-112.0,26.0,0.0,-4.0
57720,100.0,37.0,-121.0,29.0,-2.0,-2.0
57760,100.0,41.0,-136.0,30.0,-2.0,-2.0
57800,106.0,29.0,-147.0,31.0,-1.0,-1.0
57840,104.0,20.0,-148.0,32.0,1.0,0.0
57880,101.0,28.0,-155.0,32.0,3.0,0.0
57920,98.0,38.0,-169.0,31.0,2.0,0.0
57960,94.0,45.0,-175.0,32.0,3.0,-1.0
58000,88.0,49.0,-187.0,32.0,4.0,-4.0
58040,85.0,57.0,-184.0,33.0,4.0,-3.0
58080,79.0,78.0,-185.0,31.0,7.0,-3.0
58120,70.0,82.0,-177.0,32.0,7.0,1.0
58160,68.0,77.0,-170.0,32.0,8.0,1.0
58200,75.0,72.0,-166.0,31.0,8.0,3.0
58240,84.0,77.0,-168.0,30.0,10.0,9.0
58280,88.0,68.0,-178.0,31.0,12.0,12.0
58320,84.0,44.0,-192.0,31.0,13.0,17.0
58360,83.0,38.0,-191.0,32.0,13.0,20.0
58400,78.0,43.0,-193.0,30.0,15.0,27.0
58440,68.0,36.0,-192.0,31.0,16.0,32.0
58480,66.0,13.0,-193.0,30.0,16.0,35.0
58520,64.0,16.0,-187.0,31.0,14.0,38.0
58560,60.0,4.0,-171.0,31.0,16.0,40.0
58600,67.0,-41.0,-153.0,29.0,17.0,41.0
58640,72.0,-63.0,-133.0,28.0,18.0,40.0
58680,71.0,-69.0,-119.0,26.0,20.0,36.0
58720,62.0,-87.0,-113.0,25.0,22.0,34.0
58760,47.0,-100.0,-99.0,26.0,22.0,31.0
58800,37.0,-100.0,-80.0,25.0,24.0,29.0
58840,33.0,-101.0,-54.0,23.0,23.0,27.0
58880,29.0,-101.0,-25.0,24.0,23.0,24.0
58920,12.0,-65.0,8.0,22.0,22.0,22.0
58960,-2.0,-57.0,31.0,20.0,23.0,19.0
59000,1.0,-69.0,45.0,22.0,23.0,20.0
59040,-1.0,-49.0,59.0,20.0,23.0,18.0
59080,-17.0,-44.0,71.0,19.0,23.0,15.0
59120,-54.0,-41.0,90.0,19.0,24.0,13.0
59160,-87.0,1.0,107.0,18.0,24.0,10.0
59200,-98.0,35.0,118.0,17.0,27.0,8.0
59240,-87.0,21.0,128.0,17.0,26.0,6.0
59280,-65.0,8.0,141.0,16.0,26.0,0.0
59320,-51.0,23.0,156.0,15.0,26.0,-5.0
59360,-61.0,11.0,165.0,13.0,26.0,-13.0
59400,-78.0,-30.0,171.0,12.0,24.0,-16.0
59440,-94.0,-53.0,176.0,11.0,22.0,-23.0
59480,-108.0,-33.0,187.0,10.0,21.0,-29.0
59520,-121.0,-52.0,188.0,9.0,19.0,-33.0
59560,-124.0,-84.0,180.0,8.0,17.0,-33.0
59600,-128.0,-77.0,188.0,7.0,14.0,-33.0
59640,-136.0,-65.0,205.0,5.0,15.0,-32.0
59680,-151.0,-70.0,198.0,5.0,14.0,-29.0
59720,-154.0,-100.0,167.0,4.0,13.0,-29.0
59760,-145.0,-98.0,165.0,2.0,13.0,-27.0
59800,-139.0,-91.0,156.0,3.0,12.0,-26.0
59840,-139.0,-105.0,148.0,3.0,9.0,-29.0
59880,-131.0,-120.0,137.0,2.0,8.0,-30.0
59920,-129.0,-94.0,124.0,2.0,7.0,-31.0
59960,-138.0,-62.0,117.0,1.0,4.0,-33.0
60000,-136.0,-87.0,111.0,0.0,2.0,-34.0
60040,-119.0,-81.0,103.0,-1.0,0.0,-33.0
60080,-104.0,-53.0,96.0,-3.0,-3.0,-34.0
60120,-100.0,-49.0,91.0,-4.0,-3.0,-35.0
60160,-97.0,-58.0,67.0,-8.0,-5.0,-34.0
60200,-88.0,-34.0,46.0,-9.0,-6.0,-33.0
60240,-81.0,-10.0,28.0,-11.0,-8.0,-33.0
60280,-70.0,-17.0,0.0,-12.0,-8.0,-29.0
60320,-44.0,-6.0,-35.0,-13.0,-10.0,-26.0
60360,-14.0,11.0,-64.0,-13.0,-11.0,-23.0
60400,9.0,15.0,-98.0,-15.0,-14.0,-20.0
60440,30.0,0.0,-124.0,-14.0,-15.0,-15.0
60480,50.0,6.0,-159.0,-14.0,-17.0,-10.0
60520,58.0,10.0,-191.0,-16.0,-18.0,-7.0
60560,57.0,-1.0,-219.0,-18.0,-19.0,-3.0
60600,58.0,-18.0,-245.0,-19.0,-21.0,0.0
60640,60.0,1.0,-265.0,-21.0,-20.0,4.0
60680,54.0,20.0,-274.0,-23.0,-19.0,6.0
60720,49.0,11.0,-278.0,-25.0,-18.0,11.0
60760,45.0,13.0,-285.0,-25.0,-19.0,13.0
60800,47.0,68.0,-288.0,-27.0,-18.0,19.0
60840,44.0,88.0,-284.0,-28.0,-18.0,21.0
60880,45.0,65.0,-285.0,-30.0,-18.0,28.0
60920,59.0,79.0,-274.0,-31.0,-18.0,32.0
60960,66.0,104.0,-257.0,-32.0,-18.0,36.0
61000,63.0,102.0,-243.0,-34.0,-20.0,38.0
61040,60.0,68.0,-238.0,-36.0,-19.0,42.0
61080,70.0,67.0,-222.0,-37.0,-20.0,42.0
61120,65.0,70.0,-201.0,-41.0,-20.0,45.0
61160,50.0,38.0,-168.0,-41.0,-20.0,48.0
61200,35.0,-5.0,-129.0,-42.0,-18.0,50.0
61240,19.0,12.0,-99.0,-45.0,-18.0,50.0
61280,-14.0,49.0,-73.0,-46.0,-15.0,50.0
61320,-35.0,30.0,-60.0,-45.0,-13.0,50.0
61360,-37.0,32.0,-56.0,-47.0,-13.0,47.0
61400,-33.0,52.0,-37.0,-44.0,-10.0,44.0
61440,-41.0,57.0,-15.0,-44.0,-13.0,41.0
61480,-53.0,38.0,-27.0,-42.0,-13.0,37.0
61520,-70.0,58.0,-47.0,-44.0,-15.0,32.0
61560,-96.0,74.0,-46.0,-41.0,-16.0,28.0
61600,-125.0,77.0,-34.0,-38.0,-18.0,24.0
61640,-136.0,87.0,-43.0,-38.0,-17.0,21.0
61680,-125.0,99.0,-57.0,-37.0,-17.0,18.0
61720,-111.0,116.0,-71.0,-36.0,-18.0,14.0
61760,-118.0,116.0,-64.0,-35.0,-16.0,10.0
61800,-128.0,114.0,-49.0,-34.0,-17.0,6.0
61840,-131.0,104.0,-50.0,-30.0,-16.0,2.0
61880,-126.0,86.0,-47.0,-28.0,-16.0,0.0
61920,-123.0,48.0,-29.0,-29.0,-18.0,-2.0
61960,-119.0,5.0,-10.0,-27.0,-16.0,-4.0
62000,-122.0,0.0,21.0,-26.0,-20.0,-8.0
62040,-141.0,-4.0,21.0,-26.0,-18.0,-9.0
62080,-164.0,-41.0,26.0,-24.0,-15.0,-11.0
62120,-179.0,-60.0,46.0,-23.0,-15.0,-16.0
62160,-198.0,-64.0,71.0,-21.0,-16.0,-21.0
62200,-217.0,-82.0,83.0,-20.0,-18.0,-27.0
62240,-224.0,-87.0,88.0,-17.0,-18.0,-32.0
62280,-233.0,-40.0,97.0,-14.0,-20.0,-39.0
62320,-243.0,-19.0,117.0,-12.0,-21.0,-44.0
62360,-251.0,-10.0,138.0,-10.0,-20.0,-51.0
62400,-236.0,25.0,142.0,-8.0,-19.0,-54.0
62440,-218.0,47.0,141.0,-6.0,-20.0,-55.0
62480,-220.0,54.0,145.0,-4.0,-20.0,-54.0
62520,-228.0,22.0,137.0,-2.0,-19.0,-53.0
62560,-236.0,13.0,118.0,0.0,-18.0,-49.0
62600,-244.0,30.0,98.0,3.0,-18.0,-47.0
62640,-253.0,14.0,55.0,5.0,-19.0,-41.0
62680,-240.0,-38.0,29.0,8.0,-16.0,-37.0
62720,-212.0,-44.0,3.0,10.0,-16.0,-32.0
62760,-189.0,-34.0,-27.0,13.0,-17.0,-29.0
62800,-177.0,-73.0,-66.0,15.0,-16.0,-26.0
62840,-160.0,-73.0,-102.0,18.0,-18.0,-22.0
62880,-137.0,-72.0,-134.0,21.0,-16.0,-20.0
62920,-114.0,-88.0,-154.0,20.0,-17.0,-16.0
62960,-93.0,-90.0,-179.0,23.0,-17.0,-16.0
63000,-67.0,-100.0,-199.0,24.0,-17.0,-16.0
63040,-51.0,-68.0,-198.0,27.0,-13.0,-16.0
63080,-44.0,-41.0,-207.0,26.0,-12.0,-19.0
63120,-30.0,-35.0,-219.0,26.0,-12.0,-19.0
63160,-12.0,-37.0,-213.0,27.0,-10.0,-19.0
63200,-23.0,22.0,-198.0,28.0,-10.0,-18.0
63240,-41.0,30.0,-183.0,29.0,-9.0,-15.0
63280,-38.0,43.0,-166.0,27.0,-9.0,-10.0
63320,-31.0,94.0,-168.0,25.0,-8.0,-1.0
63360,-20.0,92.0,-165.0,27.0,-6.0,5.0
63400,4.0,92.0,-139.0,28.0,-4.0,12.0
63440,28.0,126.0,-130.0,29.0,0.0,18.0
63480,39.0,140.0,-111.0,29.0,4.0,22.0
63520,50.0,91.0,-87.0,30.0,6.0,30.0
63560,67.0,84.0,-66.0,28.0,7.0,32.0
63600,76.0,129.0,-42.0,27.0,5.0,37.0
63640,64.0,117.0,-29.0,26.0,3.0,36.0
63680,71.0,60.0,-21.0,26.0,4.0,40.0
63720,100.0,60.0,-24.0,26.0,4.0,42.0
63760,115.0,110.0,-11.0,26.0,6.0,43.0
63800,110.0,45.0,-10.0,25.0,6.0,42.0
63840,113.0,-14.0,-1.0,26.0,9.0,42.0
63880,120.0,30.0,-6.0,28.0,12.0,42.0
63920,109.0,37.0,-7.0,28.0,14.0,43.0
63960,89.0,-5.0,-11.0,28.0,16.0,42.0
64000,86.0,27.0,-7.0,30.0,18.0,40.0
64040,79.0,103.0,-20.0,30.0,19.0,41.0
64080,76.0,104.0,-42.0,29.0,20.0,38.0
64120,89.0,116.0,-51.0,29.0,21.0,36.0
64160,125.0,136.0,-51.0,28.0,22.0,34.0
64200,144.0,141.0,-43.0,29.0,21.0,30.0
64240,145.0,123.0,-48.0,28.0,22.0,30.0
64280,158.0,81.0,-49.0,29.0,20.0,30.0
64320,163.0,98.0,-36.0,28.0,21.0,28.0
64360,146.0,80.0,-28.0,28.0,21.0,23.0
64400,135.0,24.0,-39.0,28.0,24.0,20.0
64440,135.0,0.0,-48.0,29.0,26.0,20.0
64480,124.0,-17.0,-47.0,27.0,26.0,16.0
64520,93.0,-45.0,-30.0,27.0,28.0,13.0
64560,71.0,-102.0,-54.0,25.0,28.0,7.0
64600,56.0,-75.0,-55.0,24.0,29.0,2.0
64640,33.0,-32.0,-49.0,24.0,28.0,-1.0
64680,8.0,-75.0,-50.0,23.0,29.0,-8.0
64720,16.0,-88.0,-28.0,21.0,28.0,-14.0
64760,27.0,-17.0,-16.0,19.0,29.0,-24.0
64800,8.0,33.0,-7.0,17.0,29.0,-29.0
64840,-9.0,-10.0,-10.0,18.0,30.0,-36.0
64880,-5.0,-12.0,-21.0,16.0,28.0,-38.0
64920,-9.0,38.0,-24.0,15.0,29.0,-42.0
64960,-23.0,12.0,-13.0,11.0,30.0,-43.0
65000,-37.0,-41.0,-40.0,9.0,31.0,-40.0
65040,-42.0,-65.0,-53.0,7.0,30.0,-40.0
65080,-69.0,-29.0,-39.0,4.0,32.0,-37.0
65120,-106.0,-76.0,-33.0,1.0,34.0,-33.0
65160,-116.0,-133.0,-39.0,0.0,36.0,-33.0
65200,-114.0,-89.0,-60.0,-1.0,35.0,-30.0
65240,-118.0,-105.0,-97.0,-4.0,37.0,-29.0
65280,-113.0,-182.0,-105.0,-6.0,37.0,-30.0
65320,-106.0,-162.0,-123.0,-8.0,36.0,-30.0
65360,-103.0,-140.0,-129.0,-8.0,34.0,-34.0
65400,-114.0,-178.0,-125.0,-9.0,32.0,-35.0
65440,-117.0,-173.0,-146.0,-13.0,31.0,-41.0
65480,-96.0,-142.0,-167.0,-15.0,29.0,-46.0
65520,-77.0,-143.0,-163.0,-18.0,27.0,-48.0
65560,-80.0,-135.0,-171.0,-19.0,27.0,-49.0
65600,-81.0,-180.0,-191.0,-21.0,25.0,-47.0
65640,-75.0,-169.0,-198.0,-24.0,25.0,-40.0
65680,-98.0,-37.0,-194.0,-25.0,23.0,-34.0
65720,-114.0,-106.0,-207.0,-27.0,24.0,-29.0
65760,-83.0,-157.0,-195.0,-28.0,26.0,-22.0
65800,-44.0,-48.0,-195.0,-29.0,27.0,-15.0
65840,-18.0,-39.0,-190.0,-30.0,26.0,-12.0
65880,-16.0,-99.0,-180.0,-31.0,27.0,-6.0
65920,-14.0,-86.0,-206.0,-32.0,26.0,-3.0
65960,-8.0,-32.0,-180.0,-34.0,23.0,-1.0
66000,-11.0,-62.0,-165.0,-35.0,19.0,0.0
66040,3.0,-74.0,-182.0,-37.0,16.0,0.0
66080,48.0,-107.0,-187.0,-36.0,13.0,-1.0
66120,86.0,-111.0,-171.0,-39.0,11.0,0.0
66160,82.0,-62.0,-147.0,-39.0,7.0,-1.0
66200,71.0,-94.0,-171.0,-41.0,5.0,-5.0
66240,74.0,-88.0,-162.0,-42.0,4.0,-7.0
66280,73.0,-54.0,-135.0,-42.0,4.0,-5.0
66320,81.0,-57.0,-117.0,-45.0,4.0,-2.0
66360,99.0,-72.0,-119.0,-43.0,4.0,1.0
66400,122.0,-36.0,-134.0,-43.0,1.0,4.0
66440,116.0,18.0,-125.0,-44.0,4.0,8.0
66480,101.0,-5.0,-125.0,-43.0,4.0,12.0
66520,103.0,5.0,-126.0,-41.0,5.0,18.0
66560,128.0,0.0,-130.0,-40.0,2.0,19.0
66600,137.0,-20.0,-94.0,-39.0,2.0,19.0
66640,139.0,-34.0,-68.0,-38.0,-1.0,20.0
66680,150.0,-53.0,-87.0,-37.0,-3.0,19.0
66720,144.0,-5.0,-82.0,-37.0,-7.0,19.0
66760,122.0,-8.0,-58.0,-36.0,-10.0,15.0
66800,118.0,-34.0,-42.0,-33.0,-13.0,13.0
66840,138.0,-27.0,-41.0,-32.0,-15.0,12.0
66880,159.0,1.0,-46.0,-32.0,-17.0,10.0
66920,161.0,10.0,-44.0,-31.0,-18.0,7.0
66960,162.0,6.0,-48.0,-31.0,-19.0,4.0
67000,154.0,33.0,-28.0,-28.0,-18.0,1.0
67040,142.0,25.0,-23.0,-26.0,-17.0,-1.0
67080,120.0,39.0,0.0,-23.0,-16.0,1.0
67120,118.0,30.0,-6.0,-23.0,-17.0,-1.0
67160,125.0,40.0,-21.0,-22.0,-19.0,-3.0
67200,126.0,42.0,-18.0,-20.0,-19.0,-3.0
67240,117.0,35.0,-11.0,-17.0,-19.0,-4.0
67280,102.0,51.0,-5.0,-16.0,-20.0,-4.0
67320,90.0,57.0,2.0,-15.0,-21.0,-6.0
67360,79.0,54.0,7.0,-15.0,-22.0,-7.0
67400,79.0,55.0,-3.0,-13.0,-23.0,-9.0
67440,85.0,93.0,-5.0,-11.0,-23.0,-10.0
67480,89.0,121.0,-12.0,-9.0,-24.0,-8.0
67520,79.0,104.0,-16.0,-6.0,-24.0,-9.0
67560,75.0,93.0,-8.0,-1.0,-25.0,-8.0
67600,75.0,95.0,-13.0,1.0,-24.0,-6.0
67640,75.0,114.0,-26.0,1.0,-26.0,-5.0
67680,71.0,59.0,-30.0,4.0,-24.0,-3.0
67720,70.0,31.0,-27.0,5.0,-24.0,0.0
67760,63.0,43.0,-15.0,6.0,-24.0,1.0
67800,43.0,56.0,4.0,7.0,-25.0,4.0
67840,23.0,22.0,14.0,6.0,-23.0,7.0
67880,21.0,8.0,14.0,7.0,-25.0,10.0
67920,31.0,35.0,29.0,8.0,-21.0,13.0
67960,41.0,25.0,40.0,10.0,-23.0,17.0
68000,45.0,-1.0,39.0,13.0,-23.0,20.0
68040,50.0,-19.0,43.0,15.0,-21.0,24.0
68080,44.0,-7.0,56.0,15.0,-20.0,25.0
68120,28.0,-4.0,66.0,16.0,-17.0,28.0
68160,15.0,-47.0,64.0,16.0,-16.0,29.0
68200,10.0,-55.0,50.0,18.0,-15.0,31.0
68240,-5.0,-42.0,48.0,19.0,-10.0,29.0
68280,-28.0,-54.0,47.0,21.0,-9.0,28.0
68320,-46.0,-70.0,38.0,22.0,-6.0,25.0
68360,-53.0,-77.0,10.0,23.0,-5.0,24.0
68400,-65.0,-51.0,0.0,26.0,-4.0,20.0
68440,-72.0,-54.0,2.0,28.0,-3.0,17.0
68480,-73.0,-59.0,15.0,29.0,-2.0,12.0
68520,-71.0,-30.0,18.0,29.0,1.0,7.0
68560,-76.0,-5.0,13.0,33.0,3.0,1.0
68600,-86.0,9.0,18.0,32.0,3.0,-2.0
68640,-96.0,14.0,26.0,32.0,5.0,-5.0
68680,-100.0,25.0,19.0,32.0,7.0,-8.0
68720,-108.0,34.0,15.0,34.0,8.0,-11.0
68760,-116.0,23.0,13.0,34.0,11.0,-12.0
68800,-125.0,24.0,34.0,34.0,13.0,-13.0
68840,-128.0,6.0,47.0,34.0,13.0,-16.0
68880,-143.0,20.0,61.0,37.0,16.0,-16.0
68920,-154.0,2.0,57.0,36.0,18.0,-18.0
68960,-159.0,-7.0,72.0,38.0,21.0,-20.0
69000,-167.0,2.0,82.0,39.0,22.0,-19.0
69040,-176.0,-8.0,83.0,40.0,22.0,-21.0
69080,-179.0,-4.0,81.0,39.0,24.0,-24.0
69120,-174.0,7.0,85.0,40.0,23.0,-28.0
69160,-170.0,30.0,90.0,41.0,24.0,-30.0
69200,-165.0,28.0,90.0,37.0,25.0,-35.0
69240,-152.0,25.0,89.0,38.0,25.0,-39.0
69280,-146.0,46.0,85.0,37.0,27.0,-43.0
69320,-146.0,56.0,83.0,35.0,27.0,-44.0
69360,-145.0,39.0,86.0,37.0,26.0,-44.0
69400,-132.0,14.0,72.0,38.0,27.0,-44.0
69440,-128.0,28.0,71.0,37.0,27.0,-42.0
69480,-132.0,11.0,70.0,36.0,30.0,-37.0
69520,-129.0,-24.0,63.0,37.0,30.0,-32.0
69560,-118.0,-50.0,65.0,37.0,31.0,-31.0
69600,-116.0,-31.0,71.0,36.0,30.0,-28.0
69640,-122.0,-38.0,78.0,35.0,29.0,-23.0
69680,-128.0,-50.0,76.0,33.0,29.0,-20.0
69720,-127.0,-14.0,77.0,32.0,29.0,-20.0
69760,-129.0,7.0,89.0,29.0,30.0,-19.0
69800,-124.0,19.0,106.0,27.0,28.0,-15.0
69840,-110.0,30.0,104.0,29.0,28.0,-12.0
69880,-93.0,57.0,93.0,29.0,26.0,-12.0
69920,-80.0,50.0,108.0,28.0,24.0,-12.0
69960,-78.0,58.0,122.0,27.0,26.0,-13.0
70000,28.0,84.0,-232.0,-25.0,-14.0,11.0
70040,17.0,57.0,-221.0,-25.0,-15.0,11.0
70080,3.0,21.0,-201.0,-24.0,-14.0,12.0
70120,-6.0,-18.0,-184.0,-22.0,-13.0,14.0
70160,-18.0,-39.0,-180.0,-21.0,-15.0,14.0
70200,-30.0,-65.0,-190.0,-21.0,-15.0,13.0
70240,-37.0,-89.0,-185.0,-20.0,-15.0,8.0
70280,-62.0,-73.0,-168.0,-19.0,-15.0,2.0
70320,-101.0,-93.0,-150.0,-17.0,-18.0,-6.0
70360,-126.0,-104.0,-124.0,-15.0,-19.0,-13.0
70400,-137.0,-52.0,-97.0,-13.0,-22.0,-20.0
70440,-138.0,-46.0,-68.0,-12.0,-24.0,-27.0
70480,-130.0,-40.0,-35.0,-11.0,-26.0,-33.0
70520,-116.0,8.0,-45.0,-10.0,-26.0,-36.0
70560,-91.0,37.0,-53.0,-11.0,-27.0,-37.0
70600,-78.0,48.0,-62.0,-10.0,-27.0,-35.0
70640,-75.0,52.0,-77.0,-6.0,-26.0,-31.0
70680,-69.0,40.0,-94.0,-5.0,-26.0,-27.0
70720,-61.0,24.0,-119.0,-3.0,-27.0,-23.0
70760,-67.0,22.0,-140.0,-1.0,-28.0,-20.0
70800,-74.0,-10.0,-141.0,1.0,-30.0,-16.0
70840,-83.0,-19.0,-144.0,2.0,-29.0,-12.0
70880,-87.0,-32.0,-159.0,4.0,-29.0,-9.0
70920,-85.0,-32.0,-181.0,4.0,-28.0,-7.0
70960,-78.0,-27.0,-191.0,4.0,-30.0,-6.0
71000,-68.0,-18.0,-188.0,5.0,-28.0,-6.0
71040,-57.0,-21.0,-181.0,4.0,-28.0,-6.0
71080,-50.0,-1.0,-178.0,3.0,-28.0,-6.0
71120,-53.0,20.0,-174.0,6.0,-27.0,-8.0
71160,-55.0,35.0,-159.0,5.0,-27.0,-8.0
71200,-51.0,33.0,-129.0,5.0,-28.0,-7.0
71240,-47.0,60.0,-97.0,6.0,-29.0,-4.0
71280,-48.0,49.0,-77.0,7.0,-29.0,-2.0
71320,-48.0,103.0,-47.0,8.0,-28.0,3.0
71360,-59.0,168.0,-35.0,9.0,-29.0,11.0
71400,-79.0,13.0,-33.0,9.0,-27.0,17.0
71440,-100.0,-102.0,-27.0,10.0,-25.0,24.0
71480,-161.0,90.0,5.0,8.0,-21.0,28.0
71520,-213.0,182.0,52.0,9.0,-20.0,32.0
71560,-197.0,13.0,103.0,10.0,-14.0,34.0
71600,-116.0,-42.0,99.0,9.0,-8.0,35.0
71640,-49.0,98.0,128.0,8.0,-9.0,31.0
71680,-77.0,187.0,186.0,11.0,-11.0,26.0
71720,-120.0,39.0,191.0,12.0,-18.0,19.0
71760,-116.0,-13.0,234.0,12.0,-18.0,20.0
71800,-132.0,146.0,292.0,13.0,-21.0,19.0
71840,-173.0,172.0,332.0,14.0,-25.0,19.0
71880,-168.0,32.0,348.0,17.0,-28.0,15.0
71920,-118.0,-29.0,379.0,19.0,-27.0,21.0
71960,-110.0,-4.0,482.0,19.0,-22.0,29.0
72000,-168.0,-25.0,521.0,19.0,-21.0,36.0
72040,-221.0,-91.0,458.0,20.0,-21.0,36.0
72080,-214.0,-144.0,428.0,24.0,-23.0,34.0
72120,-208.0,-119.0,457.0,28.0,-16.0,37.0
72160,-209.0,-70.0,486.0,32.0,-15.0,38.0
72200,-178.0,-112.0,452.0,36.0,-21.0,32.0
72240,-143.0,-33.0,420.0,41.0,-24.0,21.0
72280,-148.0,51.0,424.0,45.0,-22.0,9.0
72320,-147.0,45.0,450.0,49.0,-22.0,5.0
72360,-103.0,12.0,415.0,50.0,-26.0,0.0
72400,-45.0,49.0,368.0,54.0,-32.0,-11.0
72440,-24.0,60.0,350.0,56.0,-33.0,-25.0
72480,-25.0,-22.0,328.0,56.0,-31.0,-32.0
72520,-16.0,-36.0,282.0,57.0,-29.0,-39.0
72560,-25.0,9.0,237.0,59.0,-31.0,-41.0
72600,-65.0,29.0,235.0,65.0,-32.0,-50.0
72640,-72.0,-27.0,216.0,69.0,-31.0,-53.0
72680,-35.0,-41.0,185.0,70.0,-26.0,-51.0
72720,-10.0,14.0,172.0,70.0,-29.0,-47.0
72760,-18.0,5.0,151.0,71.0,-31.0,-44.0
72800,-20.0,-12.0,120.0,74.0,-34.0,-42.0
72840,-18.0,-14.0,82.0,78.0,-33.0,-39.0
72880,-32.0,11.0,86.0,76.0,-31.0,-36.0
72920,-34.0,-8.0,69.0,75.0,-30.0,-36.0
72960,4.0,-29.0,32.0,74.0,-29.0,-38.0
73000,33.0,-20.0,7.0,74.0,-25.0,-43.0
73040,25.0,-11.0,27.0,71.0,-19.0,-40.0
73080,0.0,-13.0,55.0,69.0,-18.0,-37.0
73120,0.0,9.0,48.0,68.0,-22.0,-35.0
73160,-3.0,63.0,33.0,67.0,-21.0,-37.0
73200,-22.0,68.0,28.0,66.0,-18.0,-34.0
73240,-15.0,53.0,19.0,65.0,-16.0,-30.0
73280,10.0,94.0,6.0,63.0,-16.0,-27.0
73320,13.0,115.0,5.0,61.0,-16.0,-23.0
73360,-8.0,76.0,29.0,58.0,-12.0,-20.0
73400,-6.0,31.0,28.0,54.0,-5.0,-16.0
73440,14.0,39.0,16.0,50.0,-3.0,-10.0
73480,17.0,33.0,17.0,45.0,1.0,-2.0
73520,9.0,-51.0,45.0,40.0,2.0,5.0
73560,-2.0,-69.0,62.0,38.0,3.0,9.0
73600,-25.0,-2.0,45.0,36.0,6.0,13.0
73640,-64.0,-4.0,51.0,33.0,5.0,19.0
73680,-83.0,-50.0,68.0,29.0,6.0,22.0
73720,-67.0,-45.0,81.0,29.0,6.0,23.0
73760,-38.0,1.0,95.0,28.0,8.0,24.0
73800,-35.0,9.0,123.0,25.0,8.0,26.0
73840,-55.0,45.0,165.0,21.0,9.0,33.0
73880,-73.0,63.0,191.0,18.0,10.0,36.0
73920,-81.0,132.0,218.0,17.0,13.0,40.0
73960,-82.0,163.0,239.0,15.0,13.0,39.0
74000,-76.0,126.0,266.0,11.0,15.0,41.0
74040,-65.0,99.0,294.0,10.0,15.0,43.0
74080,-58.0,95.0,307.0,9.0,16.0,42.0
74120,-67.0,92.0,330.0,7.0,13.0,38.0
74160,-81.0,41.0,356.0,5.0,14.0,37.0
74200,-82.0,22.0,377.0,-1.0,15.0,40.0
74240,-66.0,20.0,384.0,1.0,14.0,42.0
74280,-52.0,27.0,400.0,0.0,12.0,43.0
74320,-45.0,18.0,397.0,-1.0,11.0,42.0
74360,-42.0,-11.0,388.0,-5.0,11.0,42.0
74400,-43.0,18.0,379.0,-6.0,12.0,43.0
74440,-46.0,15.0,366.0,-6.0,11.0,40.0
74480,-38.0,-9.0,355.0,-5.0,10.0,34.0
74520,-14.0,-33.0,343.0,-5.0,10.0,26.0
74560,4.0,-18.0,341.0,-6.0,10.0,22.0
74600,-6.0,15.0,341.0,-5.0,12.0,18.0
74640,-23.0,28.0,329.0,-4.0,9.0,15.0
74680,-32.0,50.0,299.0,-3.0,7.0,12.0
74720,-31.0,41.0,266.0,-6.0,5.0,7.0
74760,-19.0,32.0,243.0,-6.0,4.0,5.0
74800,3.0,2.0,205.0,-4.0,1.0,7.0
74840,22.0,-31.0,184.0,-1.0,-1.0,9.0
74880,32.0,-43.0,173.0,-4.0,-1.0,8.0
74920,37.0,-73.0,147.0,-7.0,1.0,5.0
74960,48.0,-62.0,114.0,-8.0,4.0,8.0
75000,47.0,-38.0,87.0,-6.0,5.0,10.0
75040,55.0,-54.0,59.0,-9.0,4.0,12.0
75080,66.0,-66.0,37.0,-11.0,3.0,9.0
75120,70.0,-35.0,8.0,-13.0,5.0,5.0
75160,65.0,-32.0,-6.0,-13.0,4.0,-1.0
75200,64.0,-56.0,-16.0,-13.0,1.0,-7.0
75240,67.0,-61.0,-33.0,-13.0,1.0,-14.0
75280,70.0,-51.0,-47.0,-13.0,1.0,-23.0
75320,75.0,-38.0,-79.0,-14.0,1.0,-29.0
75360,87.0,-29.0,-112.0,-15.0,1.0,-35.0
75400,103.0,-9.0,-134.0,-16.0,1.0,-42.0
75440,107.0,3.0,-149.0,-18.0,4.0,-43.0
75480,95.0,29.0,-150.0,-20.0,5.0,-39.0
75520,91.0,19.0,-184.0,-21.0,5.0,-36.0
75560,95.0,18.0,-219.0,-20.0,4.0,-35.0
75600,111.0,-1.0,-245.0,-22.0,5.0,-32.0
75640,121.0,-14.0,-253.0,-25.0,8.0,-28.0
75680,113.0,-10.0,-266.0,-24.0,9.0,-24.0
75720,102.0,-31.0,-281.0,-24.0,8.0,-19.0
75760,96.0,-44.0,-290.0,-22.0,6.0,-17.0
75800,90.0,-47.0,-292.0,-24.0,7.0,-17.0
75840,92.0,-60.0,-299.0,-28.0,7.0,-13.0
75880,104.0,-82.0,-310.0,-28.0,4.0,-10.0
75920,113.0,-61.0,-318.0,-28.0,1.0,-11.0
75960,112.0,-57.0,-311.0,-29.0,3.0,-17.0
76000,117.0,-77.0,-310.0,-28.0,2.0,-18.0
76040,132.0,-43.0,-309.0,-30.0,4.0,-21.0
76080,145.0,-19.0,-304.0,-27.0,3.0,-23.0
76120,156.0,-31.0,-291.0,-25.0,2.0,-24.0
76160,171.0,-26.0,-269.0,-24.0,1.0,-25.0
76200,180.0,11.0,-246.0,-22.0,1.0,-19.0
76240,172.0,3.0,-238.0,-22.0,-1.0,-12.0
76280,167.0,-16.0,-233.0,-21.0,-2.0,-6.0
76320,167.0,-2.0,-227.0,-19.0,-3.0,0.0
76360,164.0,-21.0,-220.0,-18.0,-1.0,4.0
76400,163.0,-48.0,-193.0,-20.0,2.0,7.0
76440,167.0,-61.0,-179.0,-19.0,4.0,5.0
76480,163.0,-50.0,-164.0,-16.0,2.0,8.0
76520,148.0,-56.0,-149.0,-14.0,2.0,4.0
76560,138.0,-52.0,-143.0,-11.0,1.0,3.0
76600,142.0,-33.0,-129.0,-9.0,-2.0,-1.0
76640,147.0,-16.0,-100.0,-7.0,-6.0,-5.0
76680,151.0,-3.0,-80.0,-2.0,-8.0,-7.0
76720,160.0,2.0,-76.0,2.0,-9.0,-7.0
76760,169.0,9.0,-68.0,5.0,-10.0,-8.0
76800,169.0,25.0,-58.0,6.0,-11.0,-8.0
76840,164.0,6.0,-50.0,8.0,-12.0,-9.0
76880,165.0,-22.0,-46.0,10.0,-11.0,-6.0
76920,167.0,-13.0,-43.0,12.0,-9.0,-4.0
76960,161.0,3.0,-42.0,14.0,-6.0,-1.0
77000,161.0,-22.0,-39.0,16.0,-5.0,3.0
77040,168.0,-2.0,-34.0,18.0,-5.0,8.0
77080,164.0,45.0,-34.0,21.0,-4.0,7.0
77120,150.0,35.0,-24.0,24.0,-4.0,8.0
77160,142.0,23.0,-22.0,26.0,-2.0,8.0
77200,144.0,62.0,-24.0,28.0,-2.0,5.0
77240,147.0,80.0,-35.0,30.0,-3.0,0.0
77280,138.0,60.0,-44.0,32.0,-4.0,-4.0
77320,132.0,52.0,-55.0,32.0,-3.0,-10.0
77360,132.0,64.0,-42.0,32.0,-4.0,-11.0
77400,128.0,72.0,-42.0,33.0,-2.0,-13.0
77440,122.0,62.0,-61.0,34.0,-2.0,-14.0
77480,134.0,48.0,-69.0,35.0,0.0,-11.0
77520,143.0,61.0,-68.0,34.0,-1.0,-6.0
77560,127.0,98.0,-76.0,37.0,1.0,-1.0
77600,102.0,84.0,-86.0,38.0,3.0,1.0
77640,87.0,65.0,-85.0,38.0,4.0,7.0
77680,77.0,81.0,-89.0,37.0,6.0,10.0
77720,71.0,84.0,-89.0,36.0,8.0,18.0
77760,73.0,63.0,-103.0,35.0,9.0,22.0
77800,81.0,40.0,-120.0,36.0,10.0,26.0
77840,79.0,55.0,-114.0,34.0,12.0,29.0
77880,71.0,35.0,-121.0,32.0,15.0,32.0
77920,68.0,28.0,-139.0,33.0,17.0,31.0
77960,70.0,21.0,-156.0,32.0,17.0,30.0
78000,69.0,11.0,-162.0,33.0,17.0,30.0
78040,64.0,-8.0,-163.0,33.0,14.0,29.0
78080,60.0,0.0,-172.0,32.0,13.0,28.0
78120,57.0,3.0,-178.0,30.0,15.0,27.0
78160,55.0,-25.0,-186.0,30.0,14.0,29.0
78200,57.0,-17.0,-188.0,29.0,15.0,34.0
78240,63.0,0.0,-200.0,27.0,16.0,36.0
78280,68.0,-18.0,-211.0,27.0,16.0,38.0
78320,65.0,-28.0,-208.0,22.0,21.0,42.0
78360,55.0,-3.0,-200.0,21.0,24.0,42.0
78400,52.0,-31.0,-197.0,21.0,27.0,44.0
78440,54.0,-65.0,-183.0,19.0,28.0,41.0
78480,47.0,-53.0,-178.0,19.0,27.0,40.0
78520,48.0,-72.0,-173.0,19.0,28.0,34.0
78560,44.0,-69.0,-165.0,17.0,27.0,29.0
78600,36.0,-77.0,-157.0,16.0,28.0,22.0
78640,31.0,-69.0,-128.0,15.0,28.0,18.0
78680,32.0,-63.0,-98.0,14.0,26.0,13.0
78720,33.0,-75.0,-91.0,12.0,23.0,9.0
78760,31.0,-72.0,-79.0,12.0,23.0,5.0
78800,20.0,-88.0,-61.0,9.0,23.0,1.0
78840,2.0,-87.0,-26.0,9.0,24.0,-1.0
78880,-12.0,-85.0,-7.0,5.0,25.0,-3.0
78920,-19.0,-81.0,8.0,5.0,26.0,-8.0
78960,-23.0,-77.0,39.0,4.0,26.0,-11.0
79000,-29.0,-85.0,59.0,3.0,27.0,-15.0
79040,-47.0,-87.0,86.0,3.0,28.0,-20.0
79080,-65.0,-87.0,98.0,1.0,26.0,-25.0
79120,-97.0,-37.0,112.0,2.0,26.0,-30.0
79160,-122.0,-4.0,123.0,-1.0,25.0,-37.0
79200,-116.0,-35.0,127.0,-3.0,24.0,-41.0
79240,-89.0,-35.0,134.0,-3.0,24.0,-45.0
79280,-68.0,-22.0,147.0,-5.0,23.0,-53.0
79320,-63.0,-21.0,156.0,-6.0,22.0,-59.0
79360,-66.0,-29.0,147.0,-9.0,20.0,-63.0
79400,-69.0,-35.0,142.0,-8.0,20.0,-63.0
79440,-73.0,-44.0,145.0,-9.0,15.0,-63.0
79480,-82.0,-48.0,131.0,-8.0,11.0,-62.0
79520,-95.0,-42.0,128.0,-7.0,10.0,-57.0
79560,-103.0,-60.0,140.0,-8.0,9.0,-53.0
79600,-109.0,-60.0,150.0,-9.0,7.0,-49.0
79640,-117.0,-45.0,149.0,-10.0,6.0,-44.0
79680,-119.0,-58.0,152.0,-10.0,5.0,-42.0
79720,-121.0,-65.0,142.0,-11.0,5.0,-41.0
79760,-120.0,-68.0,135.0,-12.0,6.0,-39.0
79800,-112.0,-77.0,127.0,-13.0,4.0,-39.0
79840,-104.0,-76.0,120.0,-14.0,1.0,-39.0
79880,-103.0,-47.0,101.0,-14.0,-1.0,-36.0
79920,-109.0,-40.0,94.0,-15.0,-5.0,-32.0
79960,-100.0,-47.0,83.0,-14.0,-7.0,-27.0
80000,-74.0,-23.0,73.0,-15.0,-13.0,-24.0
80040,-48.0,-7.0,55.0,-15.0,-14.0,-19.0
80080,-25.0,-31.0,34.0,-16.0,-15.0,-15.0
80120,-4.0,-35.0,1.0,-15.0,-16.0,-9.0
80160,7.0,-7.0,-34.0,-18.0,-18.0,-5.0
80200,10.0,-23.0,-66.0,-19.0,-19.0,0.0
80240,16.0,-41.0,-92.0,-19.0,-19.0,4.0
80280,35.0,-48.0,-125.0,-20.0,-18.0,9.0
80320,57.0,-39.0,-160.0,-22.0,-18.0,14.0
80360,66.0,-13.0,-193.0,-21.0,-20.0,18.0
80400,78.0,2.0,-234.0,-22.0,-22.0,21.0
80440,91.0,-11.0,-270.0,-21.0,-22.0,20.0
80480,100.0,11.0,-291.0,-22.0,-25.0,23.0
80520,92.0,34.0,-298.0,-21.0,-26.0,24.0
80560,88.0,14.0,-320.0,-22.0,-26.0,24.0
80600,94.0,21.0,-344.0,-25.0,-27.0,25.0
80640,94.0,67.0,-363.0,-26.0,-27.0,27.0
80680,86.0,71.0,-364.0,-27.0,-27.0,33.0
80720,77.0,86.0,-347.0,-29.0,-28.0,36.0
80760,80.0,99.0,-342.0,-29.0,-28.0,42.0
80800,84.0,122.0,-331.0,-32.0,-27.0,46.0
80840,78.0,115.0,-314.0,-32.0,-23.0,49.0
80880,79.0,105.0,-299.0,-33.0,-23.0,54.0
80920,72.0,99.0,-278.0,-34.0,-21.0,59.0
80960,53.0,84.0,-250.0,-33.0,-22.0,61.0
81000,29.0,57.0,-213.0,-34.0,-22.0,60.0
81040,16.0,16.0,-178.0,-37.0,-20.0,59.0
81080,4.0,40.0,-146.0,-40.0,-19.0,58.0
81120,-12.0,45.0,-123.0,-39.0,-18.0,53.0
81160,-24.0,36.0,-106.0,-39.0,-17.0,47.0
81200,-30.0,41.0,-100.0,-39.0,-17.0,44.0
81240,-41.0,60.0,-83.0,-40.0,-18.0,39.0
81280,-52.0,48.0,-71.0,-38.0,-18.0,33.0
81320,-61.0,29.0,-70.0,-38.0,-18.0,27.0
81360,-67.0,52.0,-77.0,-37.0,-20.0,25.0
81400,-81.0,52.0,-64.0,-35.0,-20.0,25.0
81440,-96.0,21.0,-44.0,-32.0,-18.0,25.0
81480,-100.0,20.0,-45.0,-33.0,-18.0,19.0
81520,-97.0,52.0,-60.0,-31.0,-16.0,20.0
81560,-95.0,45.0,-90.0,-28.0,-15.0,14.0
81600,-102.0,21.0,-126.0,-28.0,-12.0,10.0
81640,-116.0,28.0,-123.0,-26.0,-12.0,4.0
81680,-143.0,15.0,-93.0,-22.0,-13.0,-3.0
81720,-177.0,-17.0,-59.0,-19.0,-14.0,-11.0
81760,-196.0,-13.0,-37.0,-17.0,-16.0,-15.0
81800,-194.0,-4.0,-21.0,-15.0,-19.0,-20.0
81840,-191.0,16.0,5.0,-13.0,-17.0,-28.0
81880,-187.0,2.0,32.0,-14.0,-17.0,-34.0
81920,-189.0,8.0,70.0,-11.0,-18.0,-40.0
81960,-204.0,32.0,96.0,-9.0,-18.0,-45.0
82000,-229.0,32.0,136.0,-8.0,-20.0,-51.0
82040,-252.0,9.0,172.0,-7.0,-19.0,-52.0
82080,-261.0,-4.0,223.0,-5.0,-22.0,-55.0
82120,-268.0,10.0,270.0,-3.0,-23.0,-55.0
82160,-274.0,5.0,309.0,-3.0,-23.0,-57.0
82200,-275.0,-6.0,331.0,-2.0,-20.0,-52.0
82240,-257.0,-28.0,354.0,1.0,-18.0,-51.0
82280,-240.0,-19.0,344.0,2.0,-16.0,-51.0
82320,-235.0,-35.0,308.0,5.0,-15.0,-51.0
82360,-238.0,-83.0,256.0,7.0,-15.0,-51.0
82400,-236.0,-76.0,207.0,10.0,-15.0,-52.0
82440,-242.0,-61.0,153.0,15.0,-17.0,-51.0
82480,-233.0,-72.0,110.0,19.0,-19.0,-52.0
82520,-198.0,-63.0,64.0,23.0,-20.0,-53.0
82560,-148.0,-20.0,11.0,25.0,-21.0,-53.0
82600,-97.0,5.0,-46.0,28.0,-21.0,-51.0
82640,-59.0,6.0,-100.0,29.0,-21.0,-50.0
82680,-28.0,17.0,-164.0,33.0,-21.0,-50.0
82720,-15.0,9.0,-214.0,34.0,-19.0,-44.0
82760,-24.0,26.0,-273.0,34.0,-20.0,-39.0
82800,-27.0,10.0,-320.0,34.0,-20.0,-32.0
82840,-12.0,8.0,-334.0,37.0,-19.0,-26.0
82880,9.0,6.0,-341.0,36.0,-15.0,-17.0
82920,29.0,-10.0,-334.0,37.0,-13.0,-8.0
82960,51.0,2.0,-322.0,35.0,-8.0,2.0
83000,50.0,28.0,-308.0,35.0,-6.0,9.0
83040,37.0,46.0,-301.0,33.0,-3.0,17.0
83080,40.0,11.0,-285.0,32.0,-1.0,23.0
83120,52.0,30.0,-261.0,30.0,2.0,30.0
83160,43.0,77.0,-219.0,29.0,0.0,32.0
83200,22.0,57.0,-183.0,28.0,2.0,35.0
83240,40.0,34.0,-156.0,25.0,3.0,37.0
83280,74.0,108.0,-127.0,23.0,5.0,40.0
83320,92.0,184.0,-106.0,22.0,8.0,39.0
83360,111.0,133.0,-97.0,22.0,10.0,41.0
83400,143.0,135.0,-80.0,20.0,12.0,41.0
83440,152.0,183.0,-60.0,18.0,11.0,47.0
83480,121.0,160.0,-49.0,17.0,13.0,51.0
83520,92.0,121.0,-59.0,17.0,14.0,57.0
83560,96.0,118.0,-83.0,15.0,16.0,61.0
83600,96.0,139.0,-82.0,13.0,18.0,66.0
83640,90.0,80.0,-74.0,12.0,23.0,71.0
83680,112.0,23.0,-60.0,10.0,29.0,74.0
83720,124.0,47.0,-60.0,9.0,32.0,74.0
83760,98.0,62.0,-63.0,9.0,35.0,76.0
83800,50.0,33.0,-47.0,11.0,37.0,74.0
83840,22.0,16.0,-38.0,10.0,35.0,72.0
83880,4.0,58.0,-17.0,10.0,33.0,66.0
83920,-6.0,40.0,-5.0,11.0,30.0,63.0
83960,0.0,37.0,5.0,12.0,28.0,54.0
84000,31.0,52.0,2.0,11.0,28.0,47.0
84040,63.0,57.0,12.0,12.0,27.0,37.0
84080,75.0,57.0,20.0,11.0,29.0,30.0
84120,79.0,33.0,35.0,11.0,31.0,21.0
84160,80.0,41.0,39.0,11.0,30.0,17.0
84200,61.0,31.0,40.0,10.0,31.0,10.0
84240,35.0,-2.0,47.0,10.0,32.0,8.0
84280,18.0,-33.0,60.0,11.0,31.0,3.0
84320,5.0,-28.0,59.0,10.0,33.0,-2.0
84360,-5.0,-23.0,67.0,11.0,34.0,-8.0
84400,-7.0,-51.0,55.0,11.0,37.0,-15.0
84440,9.0,-76.0,46.0,9.0,37.0,-23.0
84480,18.0,-74.0,42.0,10.0,36.0,-32.0
84520,-3.0,-37.0,42.0,8.0,34.0,-41.0
84560,-36.0,-45.0,29.0,7.0,31.0,-50.0
84600,-61.0,-35.0,16.0,6.0,29.0,-57.0
84640,-75.0,-10.0,4.0,6.0,26.0,-62.0
84680,-76.0,-5.0,-5.0,7.0,25.0,-67.0
84720,-64.0,-12.0,-22.0,6.0,24.0,-72.0
84760,-47.0,-29.0,-59.0,6.0,23.0,-75.0
84800,-43.0,-58.0,-86.0,4.0,24.0,-75.0
84840,-53.0,-80.0,-101.0,4.0,25.0,-74.0
84880,-76.0,-85.0,-115.0,2.0,23.0,-72.0
84920,-97.0,-106.0,-129.0,1.0,25.0,-67.0
84960,-107.0,-151.0,-148.0,0.0,25.0,-59.0
85000,-104.0,-154.0,-146.0,-4.0,25.0,-49.0
85040,-96.0,-165.0,-154.0,-6.0,24.0,-44.0
85080,-90.0,-202.0,-158.0,-10.0,25.0,-39.0
85120,-86.0,-207.0,-165.0,-12.0,28.0,-38.0
85160,-92.0,-194.0,-177.0,-13.0,30.0,-35.0
85200,-94.0,-166.0,-187.0,-15.0,30.0,-38.0
85240,-93.0,-146.0,-201.0,-18.0,28.0,-42.0
85280,-73.0,-129.0,-213.0,-19.0,24.0,-48.0
85320,-49.0,-101.0,-204.0,-23.0,20.0,-52.0
85360,-38.0,-64.0,-198.0,-21.0,16.0,-50.0
85400,-31.0,-44.0,-210.0,-24.0,13.0,-48.0
85440,-10.0,-59.0,-213.0,-24.0,11.0,-45.0
85480,7.0,-26.0,-218.0,-26.0,11.0,-36.0
85520,28.0,-42.0,-229.0,-29.0,13.0,-29.0
85560,54.0,-73.0,-250.0,-31.0,16.0,-21.0
85600,61.0,-68.0,-255.0,-32.0,15.0,-9.0
85640,43.0,-90.0,-257.0,-34.0,18.0,-2.0
85680,6.0,-93.0,-241.0,-36.0,18.0,8.0
85720,-25.0,-91.0,-240.0,-35.0,18.0,17.0
85760,-38.0,-68.0,-234.0,-36.0,15.0,23.0
85800,-33.0,-60.0,-215.0,-37.0,14.0,29.0
85840,-7.0,-57.0,-204.0,-35.0,9.0,32.0
85880,27.0,-15.0,-203.0,-37.0,9.0,33.0
85920,55.0,-11.0,-208.0,-37.0,5.0,32.0
85960,64.0,12.0,-203.0,-37.0,2.0,28.0
86000,73.0,-6.0,-205.0,-39.0,-1.0,25.0
86040,88.0,-13.0,-186.0,-39.0,-3.0,22.0
86080,97.0,-1.0,-163.0,-38.0,-6.0,23.0
86120,104.0,-27.0,-141.0,-39.0,-8.0,24.0
86160,115.0,-38.0,-120.0,-40.0,-10.0,26.0
86200,123.0,-34.0,-107.0,-39.0,-10.0,31.0
86240,122.0,-19.0,-92.0,-36.0,-10.0,36.0
86280,114.0,-25.0,-75.0,-35.0,-9.0,41.0
86320,114.0,-53.0,-64.0,-33.0,-8.0,44.0
86360,122.0,-59.0,-46.0,-32.0,-7.0,47.0
86400,122.0,-43.0,-34.0,-33.0,-7.0,45.0
86440,117.0,-52.0,-23.0,-30.0,-10.0,44.0
86480,123.0,-74.0,-17.0,-30.0,-12.0,40.0
86520,123.0,-51.0,-5.0,-29.0,-15.0,32.0
86560,121.0,-29.0,10.0,-26.0,-18.0,23.0
86600,121.0,-29.0,6.0,-23.0,-20.0,13.0
86640,128.0,-6.0,0.0,-21.0,-26.0,3.0
86680,132.0,17.0,-15.0,-18.0,-28.0,-7.0
86720,121.0,40.0,-27.0,-16.0,-31.0,-16.0
86760,107.0,56.0,-29.0,-13.0,-33.0,-21.0
86800,95.0,62.0,-20.0,-10.0,-35.0,-22.0
86840,88.0,56.0,-5.0,-10.0,-35.0,-23.0
86880,84.0,51.0,15.0,-6.0,-36.0,-20.0
86920,86.0,68.0,22.0,-6.0,-35.0,-16.0
86960,95.0,64.0,10.0,-6.0,-33.0,-14.0
87000,96.0,60.0,30.0,-5.0,-30.0,-9.0
87040,88.0,41.0,32.0,-2.0,-29.0,-5.0
87080,77.0,34.0,45.0,-1.0,-27.0,-4.0
87120,63.0,25.0,43.0,1.0,-28.0,-5.0
87160,50.0,0.0,47.0,1.0,-29.0,-8.0
87200,41.0,-23.0,61.0,4.0,-29.0,-12.0
87240,45.0,-20.0,74.0,5.0,-30.0,-16.0
87280,51.0,-5.0,69.0,6.0,-32.0,-21.0
87320,63.0,-17.0,52.0,9.0,-32.0,-28.0
87360,62.0,11.0,43.0,9.0,-33.0,-32.0
87400,62.0,29.0,35.0,10.0,-33.0,-34.0
87440,51.0,40.0,31.0,11.0,-34.0,-36.0
87480,37.0,59.0,11.0,13.0,-33.0,-35.0
87520,26.0,70.0,9.0,15.0,-31.0,-33.0
87560,14.0,87.0,23.0,13.0,-30.0,-27.0
87600,-4.0,93.0,36.0,14.0,-28.0,-19.0
87640,-2.0,91.0,42.0,18.0,-25.0,-12.0
87680,3.0,95.0,41.0,17.0,-21.0,-3.0
87720,-3.0,79.0,46.0,19.0,-18.0,5.0
87760,-10.0,45.0,58.0,20.0,-17.0,13.0
87800,-18.0,36.0,66.0,19.0,-16.0,20.0
87840,-28.0,26.0,63.0,21.0,-16.0,25.0
87880,-37.0,-2.0,65.0,21.0,-17.0,30.0
87920,-27.0,-37.0,71.0,22.0,-16.0,32.0
87960,-11.0,-38.0,92.0,23.0,-17.0,36.0
88000,-1.0,-33.0,107.0,24.0,-15.0,36.0
88040,3.0,-50.0,107.0,24.0,-13.0,36.0
88080,3.0,-54.0,109.0,24.0,-10.0,35.0
88120,1.0,-58.0,96.0,26.0,-9.0,37.0
88160,-18.0,-44.0,84.0,25.0,-7.0,36.0
88200,-38.0,-52.0,64.0,27.0,-6.0,34.0
88240,-49.0,-62.0,50.0,28.0,-2.0,31.0
88280,-63.0,-43.0,55.0,27.0,1.0,30.0
88320,-70.0,-26.0,57.0,30.0,4.0,29.0
88360,-74.0,-24.0,62.0,31.0,8.0,26.0
88400,-71.0,-22.0,55.0,32.0,9.0,23.0
88440,-73.0,7.0,47.0,32.0,15.0,21.0
88480,-84.0,9.0,32.0,33.0,16.0,16.0
88520,-92.0,24.0,21.0,33.0,16.0,12.0
88560,-102.0,34.0,18.0,34.0,16.0,7.0
88600,-114.0,49.0,20.0,35.0,16.0,5.0
88640,-119.0,62.0,22.0,37.0,17.0,1.0
88680,-113.0,55.0,30.0,39.0,17.0,-1.0
88720,-108.0,66.0,50.0,38.0,18.0,-3.0
88760,-109.0,49.0,68.0,38.0,20.0,-4.0
88800,-110.0,40.0,74.0,37.0,22.0,-6.0
88840,-122.0,43.0,63.0,37.0,23.0,-5.0
88880,-143.0,33.0,63.0,37.0,24.0,-9.0
88920,-157.0,3.0,71.0,36.0,26.0,-9.0
88960,-158.0,-24.0,70.0,36.0,29.0,-9.0
89000,-155.0,1.0,80.0,35.0,29.0,-14.0
89040,-151.0,-4.0,69.0,37.0,29.0,-17.0
89080,-144.0,-22.0,84.0,35.0,31.0,-22.0
89120,-137.0,-1.0,89.0,35.0,33.0,-25.0
89160,-132.0,38.0,81.0,34.0,33.0,-28.0
89200,-124.0,32.0,69.0,35.0,33.0,-30.0
89240,-115.0,31.0,56.0,34.0,33.0,-32.0
89280,-114.0,64.0,54.0,32.0,34.0,-35.0
89320,-114.0,39.0,45.0,31.0,35.0,-34.0
89360,-119.0,29.0,46.0,32.0,35.0,-34.0
89400,-118.0,20.0,35.0,30.0,34.0,-36.0
89440,-119.0,8.0,39.0,28.0,34.0,-33.0
89480,-125.0,-2.0,47.0,27.0,37.0,-32.0
89520,-133.0,-2.0,55.0,25.0,38.0,-28.0
89560,-139.0,-2.0,59.0,23.0,37.0,-26.0
89600,-141.0,5.0,70.0,21.0,36.0,-22.0
89640,-147.0,8.0,76.0,21.0,34.0,-20.0
89680,-145.0,16.0,83.0,20.0,36.0,-18.0
89720,-130.0,6.0,91.0,18.0,33.0,-16.0
89760,-114.0,14.0,94.0,16.0,33.0,-16.0
89800,-105.0,17.0,96.0,15.0,32.0,-16.0
89840,-97.0,13.0,97.0,16.0,33.0,-15.0
89880,-93.0,31.0,98.0,12.0,31.0,-15.0
89920,-96.0,37.0,105.0,11.0,31.0,-13.0
89960,-101.0,48.0,89.0,9.0,29.0,-10.0
90000,-99.0,48.0,70.0,7.0,27.0,-7.0
90040,-96.0,69.0,60.0,6.0,27.0,-2.0
90080,-96.0,57.0,54.0,4.0,26.0,2.0
90120,-91.0,30.0,45.0,5.0,26.0,7.0
90160,-86.0,28.0,35.0,4.0,26.0,11.0
90200,-86.0,29.0,39.0,1.0,26.0,14.0
90240,-89.0,28.0,49.0,0.0,26.0,18.0
90280,-85.0,22.0,61.0,-2.0,26.0,21.0
90320,-81.0,45.0,83.0,-2.0,24.0,23.0
90360,-82.0,57.0,101.0,-5.0,24.0,26.0
90400,-85.0,48.0,88.0,-6.0,23.0,26.0
90440,-81.0,42.0,65.0,-8.0,19.0,27.0
90480,-72.0,52.0,48.0,-7.0,17.0,26.0
90520,-64.0,42.0,47.0,-8.0,16.0,27.0
90560,-56.0,4.0,52.0,-7.0,15.0,28.0
90600,-39.0,1.0,50.0,-6.0,13.0,29.0
90640,-32.0,20.0,60.0,-7.0,12.0,28.0
90680,-33.0,25.0,83.0,-8.0,11.0,30.0
90720,-37.0,-1.0,97.0,-7.0,7.0,31.0
90760,-30.0,3.0,108.0,-9.0,7.0,31.0
90800,-28.0,43.0,114.0,-10.0,7.0,34.0
90840,-27.0,23.0,106.0,-12.0,6.0,35.0
90880,-16.0,-11.0,109.0,-12.0,5.0,37.0
90920,-1.0,-6.0,121.0,-12.0,3.0,39.0
90960,1.0,14.0,135.0,-12.0,2.0,38.0
91000,0.0,-14.0,150.0,-11.0,1.0,38.0
91040,3.0,-25.0,151.0,-11.0,-1.0,37.0
91080,3.0,-2.0,148.0,-8.0,-2.0,33.0
91120,-3.0,-4.0,142.0,-8.0,-4.0,29.0
91160,-14.0,-13.0,124.0,-8.0,-6.0,24.0
91200,-18.0,-11.0,93.0,-7.0,-8.0,20.0
91240,-12.0,-17.0,67.0,-8.0,-8.0,14.0
91280,-16.0,-9.0,53.0,-6.0,-8.0,10.0
91320,-24.0,-15.0,36.0,-6.0,-9.0,5.0
91360,-26.0,-14.0,32.0,-5.0,-10.0,-2.0
91400,-32.0,2.0,31.0,-7.0,-11.0,-6.0
91440,-41.0,5.0,35.0,-5.0,-9.0,-10.0
91480,-48.0,7.0,46.0,-5.0,-11.0,-16.0
91520,-51.0,5.0,48.0,-6.0,-11.0,-20.0
91560,-51.0,0.0,56.0,-3.0,-13.0,-22.0
91600,-57.0,5.0,50.0,-4.0,-14.0,-26.0
91640,-56.0,-26.0,32.0,-3.0,-17.0,-27.0
91680,-51.0,-31.0,35.0,-4.0,-18.0,-29.0
91720,-56.0,-27.0,42.0,-3.0,-20.0,-31.0
91760,-62.0,-39.0,50.0,-2.0,-22.0,-34.0
91800,-70.0,-55.0,45.0,-1.0,-22.0,-35.0
91840,-76.0,-47.0,48.0,0.0,-22.0,-36.0
91880,-93.0,-49.0,50.0,0.0,-23.0,-38.0
91920,-101.0,-83.0,37.0,1.0,-24.0,-40.0
91960,-113.0,-83.0,18.0,2.0,-25.0,-41.0
92000,-121.0,-106.0,9.0,4.0,-26.0,-41.0
92040,-141.0,-95.0,10.0,5.0,-27.0,-42.0
92080,-156.0,-108.0,11.0,7.0,-27.0,-42.0
92120,-160.0,-111.0,18.0,7.0,-28.0,-45.0
92160,-164.0,-79.0,30.0,6.0,-29.0,-46.0
92200,-167.0,-68.0,43.0,7.0,-29.0,-47.0
92240,-171.0,-62.0,49.0,6.0,-31.0,-47.0
92280,-162.0,-56.0,43.0,5.0,-31.0,-48.0
92320,-156.0,-43.0,49.0,5.0,-31.0,-48.0
92360,-156.0,-55.0,59.0,6.0,-31.0,-47.0
92400,-155.0,-70.0,64.0,6.0,-34.0,-45.0
92440,-148.0,-82.0,71.0,7.0,-34.0,-45.0
92480,-146.0,-109.0,78.0,8.0,-35.0,-43.0
92520,-150.0,-123.0,100.0,11.0,-33.0,-41.0
92560,-155.0,-139.0,116.0,12.0,-35.0,-41.0
92600,-161.0,-132.0,115.0,12.0,-34.0,-37.0
92640,-168.0,-118.0,111.0,14.0,-33.0,-35.0
92680,-168.0,-118.0,120.0,16.0,-33.0,-34.0
92720,-157.0,-104.0,132.0,15.0,-35.0,-32.0
92760,-145.0,-78.0,141.0,15.0,-36.0,-32.0
92800,-137.0,-41.0,159.0,17.0,-36.0,-31.0
92840,-131.0,-24.0,167.0,19.0,-36.0,-30.0
92880,-120.0,-6.0,180.0,19.0,-38.0,-28.0
92920,-106.0,30.0,194.0,22.0,-39.0,-26.0
92960,-103.0,49.0,192.0,22.0,-42.0,-22.0
93000,-87.0,40.0,184.0,23.0,-42.0,-16.0
93040,-75.0,50.0,177.0,23.0,-40.0,-10.0
93080,-66.0,56.0,164.0,23.0,-38.0,-2.0
93120,-63.0,30.0,162.0,24.0,-37.0,6.0
93160,-55.0,10.0,152.0,25.0,-36.0,12.0
93200,-46.0,12.0,134.0,25.0,-35.0,18.0
93240,-33.0,-15.0,127.0,25.0,-31.0,26.0
93280,-20.0,-14.0,122.0,24.0,-29.0,31.0
93320,-8.0,-2.0,117.0,25.0,-27.0,32.0
93360,7.0,8.0,111.0,26.0,-26.0,35.0
93400,21.0,16.0,103.0,27.0,-25.0,34.0
93440,44.0,28.0,99.0,27.0,-25.0,33.0
93480,60.0,45.0,101.0,29.0,-25.0,32.0
93520,72.0,53.0,100.0,30.0,-25.0,29.0
93560,77.0,64.0,84.0,29.0,-26.0,29.0
93600,83.0,66.0,69.0,28.0,-25.0,28.0
93640,84.0,75.0,58.0,29.0,-22.0,26.0
93680,89.0,73.0,37.0,27.0,-21.0,28.0
93720,94.0,79.0,21.0,24.0,-20.0,29.0
93760,96.0,76.0,1.0,27.0,-15.0,33.0
93800,96.0,87.0,-11.0,24.0,-10.0,39.0
93840,89.0,98.0,-22.0,25.0,-9.0,42.0
93880,81.0,90.0,-37.0,24.0,-7.0,48.0
93920,77.0,92.0,-49.0,22.0,-4.0,50.0
93960,70.0,109.0,-65.0,22.0,-1.0,54.0
94000,65.0,116.0,-79.0,20.0,1.0,54.0
94040,69.0,116.0,-95.0,19.0,3.0,54.0
94080,81.0,127.0,-112.0,16.0,5.0,52.0
94120,86.0,145.0,-129.0,14.0,8.0,49.0
94160,82.0,134.0,-128.0,14.0,10.0,45.0
94200,83.0,121.0,-129.0,12.0,12.0,38.0
94240,81.0,121.0,-140.0,10.0,14.0,32.0
94280,79.0,132.0,-144.0,8.0,14.0,27.0
94320,77.0,107.0,-155.0,8.0,17.0,21.0
94360,79.0,87.0,-164.0,6.0,19.0,17.0
94400,78.0,97.0,-181.0,3.0,20.0,13.0
94440,74.0,81.0,-195.0,3.0,26.0,13.0
94480,69.0,57.0,-201.0,-1.0,27.0,12.0
94520,63.0,51.0,-201.0,-2.0,30.0,15.0
94560,49.0,57.0,-207.0,-6.0,32.0,15.0
94600,34.0,31.0,-209.0,-6.0,34.0,18.0
94640,27.0,7.0,-207.0,-12.0,39.0,19.0
94680,21.0,-8.0,-213.0,-11.0,42.0,17.0
94720,9.0,-6.0,-208.0,-14.0,42.0,15.0
94760,-2.0,-24.0,-218.0,-15.0,46.0,11.0
94800,-9.0,-44.0,-225.0,-18.0,46.0,8.0
94840,-12.0,-30.0,-231.0,-20.0,46.0,2.0
94880,-17.0,-10.0,-235.0,-19.0,46.0,-2.0
94920,-22.0,-6.0,-234.0,-22.0,46.0,-7.0
94960,-20.0,-12.0,-231.0,-22.0,45.0,-14.0
95000,-17.0,-8.0,-220.0,-25.0,48.0,-18.0
95040,-18.0,2.0,-217.0,-26.0,50.0,-19.0
95080,-19.0,6.0,-227.0,-28.0,48.0,-20.0
95120,-11.0,-6.0,-231.0,-30.0,51.0,-21.0
95160,1.0,-19.0,-225.0,-32.0,54.0,-21.0
95200,7.0,-17.0,-212.0,-34.0,57.0,-19.0
95240,11.0,-18.0,-212.0,-36.0,59.0,-17.0
95280,11.0,-28.0,-219.0,-38.0,60.0,-17.0
95320,8.0,-40.0,-209.0,-39.0,60.0,-18.0
95360,-2.0,-42.0,-188.0,-41.0,63.0,-18.0
95400,-13.0,-37.0,-181.0,-42.0,64.0,-21.0
95440,-13.0,-53.0,-190.0,-44.0,62.0,-23.0
95480,-8.0,-65.0,-202.0,-45.0,63.0,-27.0
95520,6.0,-70.0,-209.0,-47.0,61.0,-29.0
95560,13.0,-63.0,-221.0,-45.0,62.0,-32.0
95600,11.0,-54.0,-247.0,-47.0,63.0,-32.0
95640,8.0,-69.0,-256.0,-48.0,62.0,-35.0
95680,7.0,-61.0,-245.0,-50.0,63.0,-37.0
95720,4.0,-41.0,-237.0,-49.0,62.0,-35.0
95760,7.0,-39.0,-237.0,-48.0,62.0,-33.0
95800,20.0,-40.0,-241.0,-48.0,62.0,-30.0
95840,33.0,-33.0,-242.0,-50.0,61.0,-26.0
95880,44.0,-21.0,-245.0,-50.0,61.0,-22.0
95920,52.0,-30.0,-250.0,-49.0,62.0,-16.0
95960,60.0,-45.0,-247.0,-50.0,61.0,-11.0
96000,70.0,-52.0,-240.0,-52.0,61.0,-8.0
96040,74.0,-57.0,-236.0,-52.0,61.0,-3.0
96080,78.0,-64.0,-235.0,-54.0,60.0,-1.0
96120,83.0,-62.0,-231.0,-54.0,61.0,0.0
96160,88.0,-53.0,-221.0,-56.0,63.0,-1.0
96200,90.0,-59.0,-223.0,-56.0,61.0,-3.0
96240,95.0,-46.0,-230.0,-55.0,61.0,-7.0
96280,103.0,-31.0,-241.0,-54.0,60.0,-9.0
96320,107.0,-31.0,-244.0,-54.0,56.0,-10.0
96360,111.0,-45.0,-249.0,-53.0,55.0,-12.0
96400,108.0,-31.0,-243.0,-52.0,52.0,-15.0
96440,92.0,-9.0,-235.0,-54.0,51.0,-16.0
96480,82.0,-32.0,-226.0,-52.0,48.0,-16.0
96520,80.0,-33.0,-211.0,-52.0,47.0,-14.0
96560,84.0,-22.0,-218.0,-52.0,47.0,-11.0
96600,92.0,-22.0,-208.0,-50.0,47.0,-8.0
96640,95.0,-30.0,-211.0,-52.0,47.0,-6.0
96680,92.0,-39.0,-213.0,-49.0,46.0,-6.0
96720,79.0,-20.0,-209.0,-49.0,44.0,-4.0
96760,57.0,-9.0,-205.0,-47.0,41.0,-3.0
96800,36.0,-5.0,-201.0,-44.0,39.0,-4.0
96840,30.0,-9.0,-195.0,-45.0,34.0,-5.0
96880,29.0,9.0,-189.0,-42.0,31.0,-6.0
96920,24.0,19.0,-193.0,-40.0,29.0,-8.0
96960,30.0,-5.0,-190.0,-39.0,26.0,-6.0
97000,48.0,-31.0,-185.0,-38.0,23.0,-8.0
97040,57.0,-32.0,-183.0,-38.0,21.0,-6.0
97080,53.0,-43.0,-172.0,-35.0,19.0,-6.0
97120,54.0,-96.0,-165.0,-36.0,16.0,-5.0
97160,51.0,-93.0,-151.0,-32.0,12.0,-5.0
97200,36.0,-73.0,-129.0,-33.0,9.0,-5.0
97240,11.0,-66.0,-111.0,-30.0,10.0,-4.0
97280,3.0,-58.0,-120.0,-29.0,6.0,-3.0
97320,7.0,-46.0,-124.0,-26.0,4.0,-3.0
97360,2.0,-12.0,-108.0,-22.0,2.0,-4.0
97400,-11.0,-16.0,-109.0,-20.0,-1.0,-4.0
97440,-19.0,-26.0,-110.0,-19.0,-2.0,-7.0
97480,-28.0,-25.0,-116.0,-16.0,-5.0,-8.0
97520,-34.0,-34.0,-105.0,-13.0,-6.0,-11.0
97560,-37.0,-51.0,-93.0,-10.0,-9.0,-15.0
97600,-33.0,-71.0,-93.0,-10.0,-13.0,-18.0
97640,-18.0,-69.0,-94.0,-9.0,-16.0,-20.0
97680,-7.0,-66.0,-75.0,-5.0,-19.0,-18.0
97720,-9.0,-63.0,-63.0,-6.0,-24.0,-16.0
97760,-10.0,-80.0,-66.0,-3.0,-27.0,-11.0
97800,-6.0,-62.0,-57.0,-2.0,-32.0,-9.0
97840,-9.0,-26.0,-54.0,2.0,-33.0,-4.0
97880,-15.0,-32.0,-40.0,3.0,-35.0,-1.0
97920,-12.0,-28.0,-25.0,4.0,-34.0,1.0
97960,4.0,-22.0,-20.0,8.0,-34.0,3.0
98000,14.0,2.0,-18.0,8.0,-33.0,3.0
98040,19.0,10.0,-19.0,11.0,-32.0,1.0
98080,26.0,-20.0,-26.0,12.0,-32.0,0.0
98120,37.0,-17.0,-27.0,14.0,-33.0,-3.0
98160,33.0,19.0,-21.0,16.0,-37.0,-7.0
98200,29.0,4.0,-26.0,16.0,-40.0,-10.0
98240,37.0,-30.0,-15.0,17.0,-43.0,-13.0
98280,45.0,14.0,7.0,18.0,-47.0,-13.0
98320,43.0,42.0,12.0,20.0,-49.0,-13.0
98360,50.0,20.0,11.0,19.0,-50.0,-9.0
98400,67.0,10.0,11.0,21.0,-50.0,-4.0
98440,77.0,39.0,22.0,20.0,-49.0,1.0
98480,75.0,35.0,18.0,20.0,-45.0,8.0
98520,77.0,36.0,-5.0,21.0,-44.0,17.0
98560,77.0,73.0,-39.0,21.0,-41.0,20.0
98600,68.0,69.0,-45.0,20.0,-39.0,24.0
98640,65.0,49.0,-36.0,23.0,-36.0,26.0
98680,70.0,82.0,-46.0,25.0,-37.0,26.0
98720,73.0,82.0,-56.0,26.0,-36.0,23.0
98760,71.0,48.0,-62.0,25.0,-35.0,21.0
98800,73.0,59.0,-66.0,24.0,-34.0,17.0
98840,85.0,79.0,-73.0,23.0,-35.0,15.0
98880,89.0,78.0,-67.0,23.0,-36.0,13.0
98920,89.0,66.0,-59.0,23.0,-36.0,13.0
98960,90.0,42.0,-48.0,23.0,-37.0,15.0
99000,103.0,6.0,-34.0,21.0,-35.0,19.0
99040,85.0,66.0,-28.0,18.0,-33.0,23.0
99080,53.0,43.0,-32.0,16.0,-30.0,29.0
99120,34.0,-21.0,-37.0,15.0,-25.0,35.0
99160,24.0,23.0,-48.0,12.0,-21.0,40.0
99200,15.0,36.0,-57.0,13.0,-17.0,44.0
99240,-5.0,-11.0,-39.0,11.0,-13.0,44.0
99280,-26.0,-11.0,-56.0,11.0,-11.0,44.0
99320,-42.0,-3.0,-61.0,11.0,-7.0,42.0
99360,-65.0,0.0,-27.0,9.0,-6.0,35.0
99400,-91.0,18.0,-25.0,8.0,-5.0,29.0
99440,-98.0,9.0,-14.0,5.0,-4.0,19.0
99480,-83.0,6.0,-10.0,4.0,-2.0,10.0
99520,-75.0,52.0,2.0,2.0,-1.0,2.0
99560,-70.0,42.0,16.0,-1.0,-2.0,-5.0
99600,-78.0,15.0,23.0,-2.0,1.0,-12.0
99640,-94.0,4.0,27.0,-3.0,0.0,-14.0
99680,-120.0,6.0,48.0,-4.0,2.0,-14.0
99720,-148.0,-21.0,61.0,-4.0,3.0,-11.0
99760,-171.0,-27.0,69.0,-6.0,5.0,-12.0
99800,-186.0,-27.0,77.0,-7.0,9.0,-10.0
99840,-200.0,-34.0,92.0,-9.0,12.0,-7.0
99880,-210.0,-32.0,102.0,-9.0,15.0,-9.0
99920,-213.0,-48.0,106.0,-11.0,17.0,-10.0
99960,-220.0,-77.0,117.0,-13.0,20.0,-14.0
